	CA7	CA8	CB7	CB8	CC7	CC8	CD7	CD8	CE7	CE8	CF7	CF8	CG7	CG8	CH7	CH8	CA1	CA2	CB1	CB2	CC1	CC2	CD1	CD2	CE1	CE2	CF1	CF2	CG1	CG2	CH1	CH2	CA5	CA6	CB5	CB6	CC5	CC6	CD6	CE5	CE6	CF5	CF6	CG5	CG6	CH5	CH6	CA11	CA12	CB11	CB12	CC11	CC12	CD11	CD12	CE11	CE12	CF11	CF12	CG11	CG12	CH11	CH12	CA3	CA4	CB3	CB4	CC4	CD3	CD4	CE4	CF3	CF4	CG3	CG4	CH3	CH4	CA9	CA10	CB9	CB10	CC9	CC10	CD9	CD10	CE9	CE10	CF9	CG9	CG10	CH9	CH10
CA7	0.0	0.334177354086	1.76944023346	0.959754941634	2.00672525292	1.49150610895	0.491720291829	0.413231284047	0.432231828794	0.510535642023	1.49225328794	1.83723533074	1.05642682879	1.39720282101	0.516293774319	0.333907276265	1.68516828794	1.78066219844	1.3973963035	1.38970122568	1.49813803502	1.40999885214	2.76125632296	2.79541132296	2.20137429961	2.4156035214	1.78888706226	1.59231780156	1.29681805447	1.28959809339	1.44451527237	1.440777607	0.755337490272	0.693263190661	0.738989124514	0.711047003891	0.771070019455	0.797817431907	0.818435466926	0.756083871595	0.87878348249	0.792525233463	0.86079266537	0.725062315175	0.722607159533	0.692648793774	0.74393385214	1.47117961089	1.33278587549	1.0442090856	0.841599124514	1.11239799611	1.18623416342	1.05159459144	1.59257101167	1.03715466926	0.87549381323	1.027307607	1.05666735409	0.968756011673	1.13790939689	1.55461356031	0.981512373541	1.2792972179	1.81424671206	1.69919906615	1.09427227626	1.76249741245	1.2415733463	1.07183498054	1.36923486381	1.64254657588	1.34192188716	1.44187972763	1.5754851751	1.96885494163	1.27606182879	1.14833468872	1.62944994163	0.919767568093	1.7632955642	0.822378715953	0.918339396887	0.551739552529	0.577947178988	0.692669805447	0.635019902724	2.05646708171	1.24310149805	0.67634959144	0.985962801556	1.24074289883
CA8	0.334177354086	0.0	1.76230233463	0.940607003891	1.84149680934	1.35495863813	0.370682821012	0.498635291829	0.521682879377	0.420799649805	1.35408449416	1.67885731518	1.05187542802	1.37737247082	0.35415233463	0.440595019455	1.50200731518	1.59623367704	1.39394038911	1.29510391051	1.52162496109	1.41673414397	2.58115192607	2.60720373541	2.03234974708	2.24268570039	1.60806009728	1.44726511673	1.27476618677	1.31296416342	1.32561266537	1.28646145914	0.750237762646	0.682844085603	0.854936789883	0.694258988327	0.909355622568	0.793318715953	0.797105583658	0.748533404669	0.86109811284	0.775067879377	0.995315311284	0.708346945525	0.864235875486	0.681738910506	0.73366618677	1.58624435798	1.4914392607	1.19876729572	0.98286348249	1.25563305447	1.30677435798	1.14312789883	1.62325182879	1.11809210117	0.970797470817	1.1758601751	1.21545723735	1.11718974708	1.30728488327	1.69565383268	1.14439645914	1.43266266537	1.95252029183	1.81417797665	1.26065873541	1.90441970817	1.37891898833	1.23641101167	1.49003774319	1.75789793774	1.41235071984	1.59870249027	1.69506844358	2.09896883268	1.43717929961	1.14459496109	1.72839550584	1.06827589494	1.75325377432	0.975128287938	1.05370258755	0.574466011673	0.602157840467	0.72279536965	0.658500953307	2.18793871595	1.21240749027	0.709803521401	1.14828622568	1.4074413035
CB7	1.76944023346	1.76230233463	0.0	1.13281645914	1.37398972763	1.21649299611	1.7454113035	1.96739758755	1.99905474708	1.78480038911	1.18955873541	1.28700712062	1.07845663424	0.599233910506	1.66633435798	1.94277645914	1.93077715953	1.75849223735	2.52392984436	2.22289811284	1.34599118677	1.4076735214	2.02182819066	2.07247377432	1.37344223735	1.56433033074	1.49370254864	1.60071737354	1.72455474708	1.97914225681	2.0107183463	1.94290375486	2.05622939689	2.10672159533	1.79609476654	2.07463727626	1.67828258755	1.90256902724	2.00686391051	1.99059324903	1.92781717899	1.96941608949	1.60190328794	1.98624963035	1.70498159533	2.06107007782	2.05601622568	1.62435159533	1.55785840467	1.77111682879	1.87009064202	1.59184931907	1.67676322957	1.56736447471	1.43450680934	1.61083233463	1.49171058366	1.65107784047	1.5938318677	1.90947752918	1.71116710117	1.64451180934	1.72676015564	1.67372842412	1.29310247082	1.57220077821	1.36539671206	1.38700671206	1.65447821012	1.36761120623	1.70132455253	1.61820805447	1.75706570039	1.18699105058	1.53403284047	1.47742431907	1.67730747082	1.82869749027	1.75259270428	1.80781379377	1.74714968872	1.68089906615	1.59646169261	1.97126659533	1.93140309339	2.15006190661	2.05809060311	1.7694144358	1.7359738716	2.0913779572	1.69897836576	1.47517951362
CB8	0.959754941634	0.940607003891	1.13281645914	0.0	1.50475797665	1.03120105058	0.926292937743	1.16155758755	1.19256357977	0.982442840467	0.994636867704	1.32941692607	0.370157062257	0.727091070039	0.868106731518	1.13536097276	1.26462727626	1.27270317121	1.85984108949	1.57598643969	1.20676597276	1.05343480545	2.21081550584	2.26135996109	1.65908663424	1.86699040856	1.31338418288	1.24582083658	1.06118256809	1.27131856031	1.47393324903	1.37165375486	1.25886048638	1.30066307393	1.04092986381	1.2865407393	0.935809747082	1.13972490272	1.231767607	1.20646538911	1.17276546693	1.1860964786	1.03230507782	1.19251064202	0.957264941634	1.25660241245	1.26305108949	1.41331505837	1.31836766537	1.11779566148	1.21453266537	1.11647772374	1.207422607	1.05150607004	1.29651035019	1.02972867704	0.820882373541	1.03934593385	1.0542807393	1.24196103113	1.16760772374	1.51946776265	1.09597035019	1.36885854086	1.68168947471	1.54291747082	1.13148745136	1.63253274319	1.3427444358	1.10163622568	1.41172249027	1.53982120623	1.46303464981	1.34914770428	1.44479817121	1.86122322957	1.38866762646	1.10208068093	1.66280749027	1.11694068093	1.54297692607	0.963841400778	0.952850175097	1.15582344358	1.12970472763	1.34783968872	1.25924359922	2.06982424125	1.10142060311	1.31905258755	1.06814093385	1.21329052529
CC7	2.00672525292	1.84149680934	1.37398972763	1.50475797665	0.0	0.847177003891	1.82778799611	2.15583428016	2.21489167315	1.84096607004	0.933676789883	0.493207937743	1.43348885214	1.40731324903	1.68933315175	2.12319560311	1.75039824903	1.67197394942	2.61464101167	2.33230274319	1.6900542607	1.62030955253	1.13824122568	1.17988953307	0.844156828794	0.951378229572	1.37901628405	1.61521955253	2.07017023346	2.19607264591	2.00455570039	1.92068324903	2.10082966926	2.15654182879	2.09443472763	2.14552976654	2.10099889105	2.04967801556	2.08936445525	2.07413110895	2.00567215953	2.05352780156	2.14003776265	2.1002405642	2.16658712062	2.13324692607	2.12708070039	1.95580163424	2.03347824903	1.98819667315	2.07158414397	1.95051356031	1.85270038911	1.82533412451	1.59287237354	1.79337856031	1.84568501946	1.9451079572	1.9291470428	2.0808327821	1.94289745136	2.03343799611	1.99333968872	2.06255702335	2.32166348249	2.10375782101	1.8738986965	2.30874464981	2.02606712062	1.8004966537	2.0309066537	1.96474392996	1.96709044747	2.03605233463	2.06065058366	2.50895505837	2.0769259144	1.79448690661	1.99682005837	2.09494406615	1.50882416342	2.11572455253	2.08852714008	2.05648643969	1.98613192607	2.21197416342	2.10232749027	2.51917583658	1.74621881323	2.00431733463	2.06324785992	2.05647698444
CC8	1.49150610895	1.35495863813	1.21649299611	1.03120105058	0.847177003891	0.0	1.34793527237	1.65404420233	1.69195124514	1.34502712062	0.467982937743	0.648587626459	0.958399552529	0.984877762646	1.2070914786	1.61432108949	1.33031178988	1.26848558366	2.20249217899	1.93996811284	1.35161562257	1.12738655642	1.60343262646	1.6385566537	1.00205274319	1.22646348249	1.04351340467	1.24785799611	1.65653801556	1.79937712062	1.67972285992	1.55432799611	1.6444161284	1.69414673152	1.59811324903	1.68410731518	1.61418114786	1.58176	1.62963138132	1.61435383268	1.54635904669	1.58760803502	1.6409886965	1.63068970817	1.67548108949	1.66160988327	1.6730651751	1.56633280156	1.60907463035	1.54560671206	1.60704562257	1.44967963035	1.35034007782	1.30928315175	1.28741435798	1.27368789883	1.30456914397	1.45765285992	1.42636097276	1.62779896887	1.46956433852	1.67547920233	1.57483097276	1.73167254864	1.95106803502	1.7695859144	1.44635044747	1.95736223735	1.6968336965	1.42083311284	1.65532206226	1.6521818677	1.63147087549	1.65575743191	1.68417307393	2.17026315175	1.72547832685	1.23144678988	1.71268570039	1.55196745136	1.20519276265	1.56152715953	1.55736009728	1.51144348249	1.41299157588	1.68456128405	1.57012274319	2.28708315175	1.19080410506	1.48850052529	1.508252607	1.57720344358
CD7	0.491720291829	0.370682821012	1.7454113035	0.926292937743	1.82778799611	1.34793527237	0.0	0.581713093385	0.59317885214	0.309477101167	1.31099964981	1.64611134241	1.02647824903	1.35815190661	0.388888540856	0.579731381323	1.49697321012	1.59314167315	1.46089336576	1.31280373541	1.48973054475	1.37703642023	2.56744210117	2.60520079767	1.98444856031	2.22114509728	1.58870498054	1.42265645914	1.29965608949	1.27259285992	1.24463217899	1.26448089494	0.798256420233	0.740388891051	0.92061077821	0.787674571984	0.961835097276	0.838470447471	0.838363696498	0.80636233463	0.906487782101	0.821437315175	1.05382284047	0.762994980545	0.91514266537	0.7424142607	0.784384805447	1.51957114786	1.44563013619	1.1331311284	0.928402801556	1.20639949416	1.2469909144	1.08736044747	1.57928247082	1.08215826848	0.881647996109	1.12061311284	1.14339570039	1.05739560311	1.24619801556	1.63234883268	1.08545138132	1.43909354086	1.95476225681	1.78719951362	1.2846677821	1.8947533463	1.38522963035	1.23284601167	1.47768889105	1.72825885214	1.40283404669	1.5826909144	1.68803274319	2.10242819066	1.44728060311	1.06170280156	1.73268062257	0.99128307393	1.70291690661	0.900563715953	0.978279766537	0.522024435798	0.524575564202	0.671922159533	0.622051867704	2.19748375486	1.1594533463	0.725705680934	1.08963332685	1.35161657588
CD8	0.413231284047	0.498635291829	1.96739758755	1.16155758755	2.15583428016	1.65404420233	0.581713093385	0.0	0.26100385214	0.570487743191	1.65150488327	1.99691603113	1.26282842412	1.58955904669	0.672512412451	0.316501245136	1.81181544747	1.90421328794	1.40937929961	1.48676838521	1.66792620623	1.57591608949	2.87871850195	2.91283140078	2.32760593385	2.53912110895	1.935367607	1.71369717899	1.45013774319	1.44179972763	1.54772075875	1.57172912451	0.735570097276	0.67277385214	0.755618929961	0.674737198444	0.802387918288	0.763141789883	0.793078774319	0.727232431907	0.849775466926	0.771618346304	0.892271225681	0.697380758755	0.760599182879	0.665399610895	0.717876342412	1.61064396887	1.42803797665	1.12679998054	0.897267217899	1.2544305642	1.32968124514	1.14962688716	1.72822276265	1.15342988327	1.01205085603	1.12701001946	1.22558194553	1.03256258755	1.25739157588	1.61727134241	1.04738357977	1.38405348249	1.91325663424	1.86495389105	1.20804787938	1.83675694553	1.38256108949	1.24927610895	1.47857731518	1.83050070039	1.44648523346	1.58765171206	1.72163957198	2.05410766537	1.36926054475	1.27774359922	1.76015931907	1.07954254864	1.91951614786	0.913967587549	1.0315542607	0.596879163424	0.687335505837	0.60977307393	0.593633054475	2.14242918288	1.37726877432	0.770278891051	1.17100389105	1.37416857977
CE7	0.432231828794	0.521682879377	1.99905474708	1.19256357977	2.21489167315	1.69195124514	0.59317885214	0.26100385214	0.0	0.619390194553	1.68148496109	2.02570758755	1.315222393	1.61846791829	0.735252879377	0.33828618677	1.84983750973	1.94161410506	1.44257817121	1.54374406615	1.68536317121	1.59798025292	2.90789309339	2.95778715953	2.35751507782	2.57656951362	1.96779803502	1.75353756809	1.49423081712	1.4835440856	1.57186033074	1.59141391051	0.730702743191	0.662974202335	0.765692081712	0.664583307393	0.797235194553	0.741408949416	0.763952354086	0.716538463035	0.825267412451	0.745378618677	0.869417568093	0.678397023346	0.740509455253	0.664217782101	0.695408054475	1.57292575875	1.45856346304	1.15463418288	0.931819708171	1.23647029183	1.32262307393	1.13566731518	1.69732019455	1.14460918288	0.983016031128	1.11429297665	1.19682642023	1.0706057393	1.2551116537	1.62605865759	1.08972140078	1.36662694553	1.91848453307	1.85022988327	1.18748643969	1.84086511673	1.35553400778	1.21434505837	1.46426844358	1.78076782101	1.43696593385	1.57458046693	1.69871587549	2.06576011673	1.35718700389	1.27239865759	1.72199029183	1.06054554475	1.91030420233	0.876375953307	1.01720694553	0.574115428016	0.657851108949	0.630851595331	0.640636245136	2.15446669261	1.35413916342	0.769436789883	1.15162914397	1.37170449416
CE8	0.510535642023	0.420799649805	1.78480038911	0.982442840467	1.84096607004	1.34502712062	0.309477101167	0.570487743191	0.619390194553	0.0	1.30872429961	1.66834365759	1.07339075875	1.41855429961	0.448879649805	0.586512373541	1.53302245136	1.62766531128	1.4985670428	1.32869099222	1.56043247082	1.43750044747	2.60030484436	2.63325828794	2.01119033074	2.25139488327	1.64467764591	1.4614838716	1.32340303502	1.31099856031	1.30781667315	1.41031515564	0.828514143969	0.765316731518	0.961596206226	0.818394708171	1.00560511673	0.888803657588	0.88160422179	0.834120680934	0.948236011673	0.858613249027	1.09995881323	0.805200914397	0.957640350195	0.772895019455	0.818214785992	1.57313015564	1.48225766537	1.18705714008	0.947354727626	1.23752850195	1.2713318677	1.152597393	1.60032237354	1.13591785992	0.959576108949	1.17792161479	1.19330910506	1.0785209144	1.28648675097	1.67128881323	1.12876669261	1.49977321012	2.02696496109	1.86539918288	1.33831931907	1.95685924125	1.46041237354	1.29009400778	1.55185692607	1.74802661479	1.46222196498	1.64432941634	1.7644670428	2.17014373541	1.49805723735	1.05018791829	1.78636966926	1.00526920233	1.68131544747	0.940468832685	1.01681348249	0.530558891051	0.518105933852	0.667463891051	0.628965894942	2.2505570428	1.14269391051	0.734842587549	1.11005058366	1.3934498249
CF7	1.49225328794	1.35408449416	1.18955873541	0.994636867704	0.933676789883	0.467982937743	1.31099964981	1.65150488327	1.68148496109	1.30872429961	0.0	0.720233910506	0.913274163424	0.944870972763	1.18271675097	1.6046783463	1.25181873541	1.20201898833	2.15431675097	1.87789750973	1.26284159533	1.05023167315	1.68943396887	1.74868546693	1.03074031128	1.26342723735	0.94487381323	1.11736533074	1.60485060311	1.74490877432	1.55083533074	1.43827237354	1.61831848249	1.66574698444	1.58175256809	1.67359640078	1.59414540856	1.5536616537	1.60203124514	1.5987533463	1.52835867704	1.56916735409	1.60967459144	1.60918451362	1.64719791829	1.6419757393	1.64446071984	1.45318418288	1.54783682879	1.45675311284	1.56477540856	1.40144062257	1.27848200389	1.24843282101	1.1895727821	1.23091258755	1.26299546693	1.41064513619	1.37778418288	1.53172210117	1.3852259144	1.56294326848	1.51361317121	1.66512466926	1.86241677043	1.66885939689	1.40823992218	1.8494685214	1.63947558366	1.36034071984	1.5661201751	1.56711033074	1.52182038911	1.59634142023	1.59287410506	2.10246659533	1.68594616732	1.1862507393	1.59442836576	1.49036315175	1.25206324903	1.56772978599	1.57730898833	1.48988151751	1.4229763035	1.6402094358	1.5321677821	2.25677538911	1.13814217899	1.48339754864	1.50746643969	1.5203385214
CF8	1.83723533074	1.67885731518	1.28700712062	1.32941692607	0.493207937743	0.648587626459	1.64611134241	1.99691603113	2.02570758755	1.66834365759	0.720233910506	0.0	1.25094480545	1.20876928016	1.52542093385	1.94037284047	1.58565856031	1.48504581712	2.46178291829	2.19064332685	1.58354764591	1.45959935798	1.2412479572	1.30947198444	0.761158891051	0.916273988327	1.23913503891	1.48805173152	1.94992817121	2.05684715953	1.89904118677	1.7771813035	1.91426737354	1.96824692607	1.91751577821	1.97464661479	1.92098651751	1.86136058366	1.89967620623	1.89730114786	1.82951527237	1.86952935798	1.94415698444	1.91874624514	1.97624077821	1.94920190661	1.93469782101	1.80951035019	1.90801626459	1.84750503891	1.92930955253	1.80366429961	1.70536237354	1.66066953307	1.50573120623	1.63814540856	1.6753281323	1.7976716537	1.79172225681	1.93062784047	1.80327180934	1.89620947471	1.87157544747	1.94903153696	2.20405675097	1.98727093385	1.72235196498	2.20261608949	1.92715587549	1.67773346304	1.93320754864	1.86816214008	1.86402589494	1.91786871595	1.944957393	2.39589521401	1.96854182879	1.61795036965	1.92317184825	1.91569429961	1.34090120623	1.96292206226	1.94755507782	1.87570114786	1.79583083658	2.02604595331	1.91969169261	2.45770723735	1.57404087549	1.85073527237	1.89657968872	1.90895947471
CG7	1.05642682879	1.05187542802	1.07845663424	0.370157062257	1.43348885214	0.958399552529	1.02647824903	1.26282842412	1.315222393	1.07339075875	0.913274163424	1.25094480545	0.0	0.700173424125	0.986764922179	1.23112667315	1.33506577821	1.29638245136	1.96193986381	1.67471568093	1.2651211284	1.11548957198	2.16163782101	2.19749538911	1.59637661479	1.82180910506	1.32023167315	1.28864198444	1.12174289883	1.38466052529	1.59571210117	1.48163867704	1.33630229572	1.38438597276	1.12086953307	1.38716282101	1.01256735409	1.22500153696	1.31611120623	1.3112214786	1.25769735409	1.27715330739	1.07524116732	1.29569809339	1.03390776265	1.34357729572	1.35760678988	1.49079577821	1.37792846304	1.22479416342	1.32446307393	1.19229202335	1.27646682879	1.12959009728	1.37967857977	1.10131803502	0.949168929961	1.14534525292	1.14877678988	1.3344551751	1.25532085603	1.57011178988	1.21327445525	1.45451128405	1.76359214008	1.63940107004	1.17324155642	1.70512190661	1.42102048638	1.17487472763	1.51410231518	1.62886963035	1.56356202335	1.41333231518	1.5378131323	1.92732854086	1.47086161479	1.16209070039	1.74197677043	1.18829435798	1.54715920233	1.12418877432	1.07601225681	1.23260210117	1.22454299611	1.44030745136	1.35482610895	2.09459274319	1.15161789883	1.41389634241	1.16865605058	1.2473881323
CG8	1.39720282101	1.37737247082	0.599233910506	0.727091070039	1.40731324903	0.984877762646	1.35815190661	1.58955904669	1.61846791829	1.41855429961	0.944870972763	1.20876928016	0.700173424125	0.0	1.28557535019	1.56251363813	1.59362706226	1.50020696498	2.19340332685	1.90128081712	1.15475093385	1.077912607	2.10897229572	2.1564642607	1.51925229572	1.73108229572	1.3373851751	1.33070607004	1.39320402724	1.64284912451	1.74952190661	1.65079128405	1.66644217899	1.72246752918	1.42977027237	1.69992305447	1.30867568093	1.53215324903	1.6285929572	1.62037151751	1.5478855642	1.59055447471	1.22576326848	1.6063185214	1.32758675097	1.67206741245	1.67409951362	1.37254235409	1.27563585603	1.47117011673	1.56413478599	1.30421976654	1.36291655642	1.26988850195	1.25036445525	1.29033126459	1.14942247082	1.35329011673	1.29900044747	1.60654618677	1.42634412451	1.41147245136	1.42771437743	1.48307252918	1.34513377432	1.46618531128	1.07995272374	1.34308105058	1.47535445525	1.15257737354	1.52479021401	1.51655729572	1.59518692607	1.08759729572	1.40383184825	1.52087655642	1.50554745136	1.47982389105	1.66006992218	1.43362821012	1.56015243191	1.31236422179	1.22011451362	1.58768105058	1.54256424125	1.77215601167	1.68596447471	1.82727009728	1.38785980545	1.72926560311	1.32407161479	1.2434255642
CH7	0.516293774319	0.35415233463	1.66633435798	0.868106731518	1.68933315175	1.2070914786	0.388888540856	0.672512412451	0.735252879377	0.448879649805	1.18271675097	1.52542093385	0.986764922179	1.28557535019	0.0	0.612951089494	1.40046175097	1.48016161479	1.49611167315	1.34016142023	1.40837177043	1.27399554475	2.46806445525	2.50093976654	1.89675628405	2.110945	1.47551881323	1.31861503891	1.23563848249	1.26844268482	1.19139889105	1.15871865759	0.780880136187	0.725103735409	0.913549319066	0.768807470817	0.968982743191	0.852830544747	0.839014455253	0.784404571984	0.896529046693	0.819073793774	1.05831780156	0.761933521401	0.926223151751	0.726726536965	0.775019922179	1.52050093385	1.41629435798	1.12895531128	0.922212237354	1.19707422179	1.21342758755	1.05123272374	1.50369871595	1.00399782101	0.864937081712	1.10591959144	1.1399155642	1.03500449416	1.23149822957	1.62059620623	1.06703303502	1.42137453307	1.88641282101	1.72548883268	1.25382503891	1.83191153696	1.3933829572	1.17791525292	1.42763307393	1.67033579767	1.3527472179	1.53237902724	1.63638980545	2.06072256809	1.44642867704	0.983191731518	1.68042931907	0.995540797665	1.61032466926	0.92355766537	0.985863054475	0.681132431907	0.636013132296	0.799827898833	0.71210963035	2.19207568093	1.09169562257	0.778137723735	1.0925936965	1.32448846304
CH8	0.333907276265	0.440595019455	1.94277645914	1.13536097276	2.12319560311	1.61432108949	0.579731381323	0.316501245136	0.33828618677	0.586512373541	1.6046783463	1.94037284047	1.23112667315	1.56251363813	0.612951089494	0.0	1.79183042802	1.90002682879	1.40983614786	1.47709033074	1.66879468872	1.58337531128	2.86246741245	2.89160579767	2.30525706226	2.52586068093	1.89007749027	1.70986959144	1.44881233463	1.43603614786	1.53685375486	1.53001593385	0.697397607004	0.63056077821	0.722135972763	0.650811050584	0.774913754864	0.739479649805	0.751188035019	0.701527568093	0.815343365759	0.732160603113	0.867354338521	0.663858385214	0.724990350195	0.637033735409	0.685422529183	1.62695669261	1.44454490272	1.14365729572	0.922360603113	1.25518231518	1.34014525292	1.17060945525	1.74259404669	1.16017303502	1.04342054475	1.1497320428	1.22096268482	1.05428453307	1.27233737354	1.66634515564	1.08165568093	1.36847149805	1.92299480545	1.86441342412	1.18658075875	1.85913324903	1.35294610895	1.19436945525	1.46614684825	1.81286828794	1.45303702335	1.57198579767	1.72286669261	2.05056599222	1.36590657588	1.26673959144	1.74424780156	1.05977099222	1.9037155642	0.949633190661	1.07464169261	0.59231577821	0.678225894942	0.577142723735	0.604850642023	2.14312252918	1.3655779572	0.734018618677	1.15141844358	1.36632799611
CA1	1.68516828794	1.50200731518	1.93077715953	1.26462727626	1.75039824903	1.33031178988	1.49697321012	1.81181544747	1.84983750973	1.53302245136	1.25181873541	1.58565856031	1.33506577821	1.59362706226	1.40046175097	1.79183042802	0.0	0.441781809339	1.22251342412	1.0136279572	1.73776044747	1.2222890856	2.1212468677	2.21438972763	1.66525904669	1.8327501751	0.780181964981	0.804190136187	0.841628326848	0.902112490272	0.789700447471	0.652547645914	1.73762266537	1.7916992607	1.72363406615	1.74779762646	1.74424437743	1.6520851751	1.69965838521	1.67753632296	1.64094375486	1.6627513035	1.82312714008	1.71733134241	1.78664610895	1.76403642023	1.74522680934	2.03627198444	1.98510996109	1.77440379377	1.88213916342	1.80675344358	1.76481949416	1.65675229572	1.82801027237	1.61472299611	1.59316688716	1.72306258755	1.76896412451	1.87380830739	1.81044363813	2.14598928016	1.7847514786	1.85874570039	2.18129710117	2.05872249027	1.77529577821	2.13251060311	1.8212607393	1.72477587549	1.81873101167	1.97062214008	1.76803258755	1.94834793774	1.98642945525	2.33766319066	1.88030439689	1.53092819066	2.16531492218	1.73219550584	1.89362634241	1.79518217899	1.73937410506	1.68499169261	1.6300398249	1.89395762646	1.79364830739	2.59165785992	1.56394527237	1.67973924125	1.70823120623	1.78107717899
CA2	1.78066219844	1.59623367704	1.75849223735	1.27270317121	1.67197394942	1.26848558366	1.59314167315	1.90421328794	1.94161410506	1.62766531128	1.20201898833	1.48504581712	1.29638245136	1.50020696498	1.48016161479	1.90002682879	0.441781809339	0.0	1.31419535019	1.08821937743	1.73182766537	1.20115513619	2.02264455253	2.13405807393	1.56790548638	1.71668817121	0.663091400778	0.791382217899	0.935179007782	0.947630797665	0.865865642023	0.722441634241	1.85026898833	1.89739375486	1.78956342412	1.85023036965	1.81138525292	1.72819846304	1.80279494163	1.7816666537	1.72575680934	1.76502587549	1.86486836576	1.80510011673	1.86732570039	1.86064939689	1.859527607	2.04164344358	2.00743900778	1.83820346304	1.95012498054	1.80872622568	1.78316690661	1.67285857977	1.77371247082	1.62787873541	1.63513009728	1.79357513619	1.76975033074	1.95435163424	1.82044583658	2.15104381323	1.86656371595	1.88231972763	2.13805513619	2.04054441634	1.81494844358	2.10025832685	1.83920223735	1.74722542802	1.81486356031	1.94345889105	1.75817365759	1.93402099222	1.96077496109	2.33835332685	1.90560702335	1.53545996109	2.16870466926	1.80911673152	1.76458250973	1.8453490856	1.80790898833	1.78823817121	1.71089210117	1.95392445525	1.85260614786	2.63930227626	1.52281003891	1.76423933852	1.80767071984	1.80580583658
CB1	1.3973963035	1.39394038911	2.52392984436	1.85984108949	2.61464101167	2.20249217899	1.46089336576	1.40937929961	1.44257817121	1.4985670428	2.15431675097	2.46178291829	1.96193986381	2.19340332685	1.49611167315	1.40983614786	1.22251342412	1.31419535019	0.0	0.409753365759	2.18219297665	1.76322694553	2.96208075875	3.05633015564	2.55362850195	2.70684900778	1.57860931907	1.42975605058	1.10025642023	0.805863307393	0.882667178988	0.962546439689	1.62866531128	1.59983128405	1.6304427821	1.59878688716	1.66464464981	1.59605953307	1.65147297665	1.6097209144	1.65132336576	1.62033270428	1.75157714008	1.59011799611	1.66774198444	1.59327276265	1.62981906615	2.23649688716	2.13396894942	1.85570928016	1.64434282101	1.98469149805	1.9972863035	1.92351762646	2.31854610895	1.88424521401	1.79671984436	1.89892464981	1.94606645914	1.78568208171	1.97648492218	2.30222601167	1.78008906615	1.8454013035	2.38137978599	2.34876007782	1.87855270428	2.30954274319	1.86220373541	1.83887163424	1.95925626459	2.26022894942	1.87449371595	2.17839984436	2.21775178988	2.54624731518	1.85450416342	1.9499994358	2.34737332685	1.80909457198	2.5116840856	1.73831373541	1.85764861868	1.4495327821	1.50818153696	1.58252587549	1.50669414397	2.80290007782	2.03693581712	1.49202258755	1.88744311284	2.09950624514
CB2	1.38970122568	1.29510391051	2.22289811284	1.57598643969	2.33230274319	1.93996811284	1.31280373541	1.48676838521	1.54374406615	1.32869099222	1.87789750973	2.19064332685	1.67471568093	1.90128081712	1.34016142023	1.47709033074	1.0136279572	1.08821937743	0.409753365759	0.0	2.00023140078	1.54972062257	2.68510669261	2.78096546693	2.285182607	2.42672054475	1.32988910506	1.19518719844	0.849337373541	0.581874455253	0.699514785992	0.829827626459	1.67467984436	1.64485558366	1.65006801556	1.64834453307	1.6838266537	1.6422279572	1.69753182879	1.65183614786	1.69441568093	1.66196182879	1.76972595331	1.63702326848	1.68672531128	1.63967270428	1.676897607	2.17124857977	2.08783371595	1.82758202335	1.62917976654	1.96059599222	1.94740134241	1.87834472763	2.14739593385	1.84331496109	1.69453235409	1.86817132296	1.89040725681	1.77120552529	1.94975326848	2.26946731518	1.74914854086	1.83931949416	2.35541431907	2.252492393	1.85436466926	2.27880653696	1.84737904669	1.8017616537	1.92704994163	2.12073348249	1.83362832685	2.14108857977	2.16133266537	2.52752005837	1.84569414397	1.81802128405	2.32387513619	1.77436809339	2.33813819066	1.72084328794	1.79983354086	1.49892976654	1.47689439689	1.689775	1.60965284047	2.7713598249	1.88661984436	1.54745898833	1.852732393	2.07094789883
CC1	1.49813803502	1.52162496109	1.34599118677	1.20676597276	1.6900542607	1.35161562257	1.48973054475	1.66792620623	1.68536317121	1.56043247082	1.26284159533	1.58354764591	1.2651211284	1.15475093385	1.40837177043	1.66879468872	1.73776044747	1.73182766537	2.18219297665	2.00023140078	0.0	0.735210272374	2.35523466926	2.38639998054	1.71321634241	1.93698560311	1.50596159533	1.32100116732	1.555287607	1.76058247082	1.72674712062	1.66366035019	1.72181023346	1.76456243191	1.48400252918	1.74178293774	1.43842342412	1.61428550584	1.70167836576	1.68521214008	1.6124614786	1.65794311284	1.45270817121	1.67160175097	1.49831717899	1.72114616732	1.74929476654	1.18410173152	1.32530332685	1.29640603113	1.51078501946	1.20969529183	1.09263247082	1.08217597276	1.01847110895	1.12134289883	1.11802780156	1.24356657588	1.21463889105	1.42849474708	1.22580315175	1.25170859922	1.32448791829	1.33210984436	1.41386066148	1.03477231518	1.02687381323	1.39993365759	1.26945597276	0.973545466926	1.13120321012	1.09790231518	1.25605832685	1.11347301556	1.02013200389	1.63882375486	1.33610593385	1.1408640856	1.19873093385	1.37941490272	1.17017589494	1.34379729572	1.31786416342	1.5869736965	1.49390525292	1.73413717899	1.61361684825	1.86489488327	1.04139747082	1.53913552529	1.34210449416	1.33477548638
CC2	1.40999885214	1.41673414397	1.4076735214	1.05343480545	1.62030955253	1.12738655642	1.37703642023	1.57591608949	1.59798025292	1.43750044747	1.05023167315	1.45959935798	1.11548957198	1.077912607	1.27399554475	1.58337531128	1.2222890856	1.20115513619	1.76322694553	1.54972062257	0.735210272374	0.0	2.18112622568	2.284107607	1.54615011673	1.7691285214	0.948597509728	0.806173346304	1.15465511673	1.33622570039	1.25757715953	1.17765478599	1.64899027237	1.69898752918	1.41946712062	1.67110095331	1.40818785992	1.53587527237	1.62936003891	1.60197622568	1.54208968872	1.58254287938	1.4201285214	1.59744984436	1.47104340467	1.65189605058	1.67159173152	1.23897110895	1.32157301556	1.26221299611	1.45310120623	1.1955251751	1.07151449416	1.05380414397	1.15957550584	1.07283363813	1.07274857977	1.23066540856	1.17865044747	1.40563906615	1.2066251751	1.34697626459	1.29098293774	1.41435945525	1.56737455253	1.30075515564	1.16058470817	1.55204529183	1.35441328794	1.09100562257	1.19708212062	1.19397079767	1.31443389105	1.276582393	1.23165663424	1.81961301556	1.41481857977	1.12812431907	1.36571003891	1.36828976654	1.30600383268	1.36174359922	1.35744478599	1.49232163424	1.40725081712	1.66691480545	1.55350101167	2.08971741245	1.06565463035	1.46281163424	1.35309811284	1.34280521401
CD1	2.76125632296	2.58115192607	2.02182819066	2.21081550584	1.13824122568	1.60343262646	2.56744210117	2.87871850195	2.90789309339	2.60030484436	1.68943396887	1.2412479572	2.16163782101	2.10897229572	2.46806445525	2.86246741245	2.1212468677	2.02264455253	2.96208075875	2.68510669261	2.35523466926	2.18112622568	0.0	0.325217801556	0.987395564202	0.70173844358	1.84849863813	2.1403255642	2.54608227626	2.61767317121	2.52508066148	2.38593564202	2.79582206226	2.84737468872	2.75991007782	2.80221507782	2.78096509728	2.68871293774	2.75636505837	2.73221206226	2.66941867704	2.71975692607	2.78781416342	2.76195789883	2.83771192607	2.81884371595	2.80494566148	2.7805598249	2.8945061284	2.85124046693	2.92426311284	2.79740902724	2.72293725681	2.66488597276	2.41767064202	2.65552745136	2.66318589494	2.80135564202	2.76168348249	2.95581396887	2.80707824903	2.86416692607	2.84176896887	2.24076501946	2.52103750973	2.39637107004	2.57044392996	2.50182840467	2.25844861868	2.47299725681	2.27215682879	2.30696951362	2.20324463035	2.55534896887	2.35994079767	2.69057589494	2.26620924125	2.59345766537	2.75770412451	2.87317210117	2.26551865759	2.83972336576	2.83215684825	2.8197522179	2.76724560311	3.013797607	2.9116551751	3.05077861868	2.54425167315	2.82029848249	2.82774480545	2.8377844358
CD2	2.79541132296	2.60720373541	2.07247377432	2.26135996109	1.17988953307	1.6385566537	2.60520079767	2.91283140078	2.95778715953	2.63325828794	1.74868546693	1.30947198444	2.19749538911	2.1564642607	2.50093976654	2.89160579767	2.21438972763	2.13405807393	3.05633015564	2.78096546693	2.38639998054	2.284107607	0.325217801556	0.0	1.09768114786	0.792323210117	1.95578033074	2.24280535019	2.63705066148	2.70710210117	2.63390402724	2.4875394358	2.80235145914	2.85217891051	2.77940667315	2.80844136187	2.79955068093	2.70116167315	2.76338258755	2.74062196498	2.67833624514	2.7258486965	2.80543231518	2.77642379377	2.85824626459	2.82495529183	2.81116727626	2.81326821012	2.92272680934	2.88390367704	2.96136663424	2.83059822957	2.75643284047	2.71102171206	2.45452984436	2.69108719844	2.6915770428	2.83706865759	2.80036190661	2.98773558366	2.84569149805	2.88786877432	2.87854428016	2.25562122568	2.52393717899	2.39352466926	2.6085701751	2.50707383268	2.26072245136	2.51998980545	2.26520455253	2.34564848249	2.20097733463	2.59939840467	2.3882285214	2.68646607004	2.26904766537	2.6279301751	2.7940916537	2.91457815175	2.30551439689	2.87200599222	2.86732690661	2.85730523346	2.8034138716	3.04046108949	2.93791667315	3.07178287938	2.58276519455	2.85674258755	2.87827225681	2.8841142607
CE1	2.20137429961	2.03234974708	1.37344223735	1.65908663424	0.844156828794	1.00205274319	1.98444856031	2.32760593385	2.35751507782	2.01119033074	1.03074031128	0.761158891051	1.59637661479	1.51925229572	1.89675628405	2.30525706226	1.66525904669	1.56790548638	2.55362850195	2.285182607	1.71321634241	1.54615011673	0.987395564202	1.09768114786	0.0	0.515214202335	1.25386400778	1.48439155642	2.02112184825	2.14148344358	1.94171863813	1.8556963035	2.27841389105	2.32955682879	2.23509439689	2.28738764591	2.25470046693	2.17219620623	2.23729774319	2.21588307393	2.15205217899	2.20046494163	2.26132400778	2.24922821012	2.31289974708	2.30069429961	2.28666429961	1.9570435214	2.10892608949	2.03760540856	2.2649177821	1.97519303502	1.90776550584	1.89255270428	1.60716729572	1.86882931907	1.91805118677	1.99507766537	1.95762877432	2.14331719844	2.00438673152	2.05369906615	2.08184515564	2.01429155642	2.22961416342	1.96022511673	2.02818513619	2.19569540856	2.01233476654	1.94765675097	1.94172667315	1.79088157588	1.90014797665	2.02478597276	1.93027449416	2.43598215953	2.02363258755	1.95087747082	1.96080116732	2.2965963035	1.66243363813	2.21882087549	2.22934968872	2.23426587549	2.16770256809	2.39622608949	2.27798357977	2.62222885214	1.90109871595	2.21458015564	2.28852021401	2.27102322957
CE2	2.4156035214	2.24268570039	1.56433033074	1.86699040856	0.951378229572	1.22646348249	2.22114509728	2.53912110895	2.57656951362	2.25139488327	1.26342723735	0.916273988327	1.82180910506	1.73108229572	2.110945	2.52586068093	1.8327501751	1.71668817121	2.70684900778	2.42672054475	1.93698560311	1.7691285214	0.70173844358	0.792323210117	0.515214202335	0.0	1.43997536965	1.65926859922	2.23128001946	2.31061947471	2.09034178988	1.99263797665	2.5108944358	2.55725651751	2.45433284047	2.5134313035	2.4721329572	2.39592752918	2.46168587549	2.44098120623	2.37535953307	2.42907116732	2.48276019455	2.47092988327	2.53424842412	2.52817663424	2.52031344358	2.24205889105	2.36007328794	2.30967805447	2.43057194553	2.2587766537	2.1884583463	2.14677021401	1.86940892996	2.12644375486	2.17235068093	2.26543501946	2.22946445525	2.4258270428	2.27416035019	2.33275828794	2.31926270428	2.04840035019	2.2625970428	2.03310457198	2.22883953307	2.25154972763	2.04453671206	2.12144667315	1.99453624514	1.90015087549	1.94390326848	2.16455114786	2.01799877432	2.48223414397	2.05335768482	2.18346669261	2.22579081712	2.48773626459	1.85839585603	2.44332507782	2.44801315175	2.47259303502	2.3992563035	2.62123892996	2.50964361868	2.74625865759	2.1368707393	2.43687042802	2.4701083463	2.45731727626
CF1	1.78888706226	1.60806009728	1.49370254864	1.31338418288	1.37901628405	1.04351340467	1.58870498054	1.935367607	1.96779803502	1.64467764591	0.94487381323	1.23913503891	1.32023167315	1.3373851751	1.47551881323	1.89007749027	0.780181964981	0.663091400778	1.57860931907	1.32988910506	1.50596159533	0.948597509728	1.84849863813	1.95578033074	1.25386400778	1.43997536965	0.0	0.489500583658	1.14814749027	1.24941250973	0.954812996109	0.875990350195	1.8714059144	1.92159126459	1.8252885214	1.87339931907	1.84319587549	1.76257963035	1.83455346304	1.80159439689	1.74168389105	1.78665766537	1.85194272374	1.83036319066	1.90358464981	1.88078710117	1.87930464981	1.72279453307	1.71026161479	1.649082607	1.82447490272	1.5901251751	1.48603865759	1.44967402724	1.49129620623	1.45717068093	1.48454184825	1.60340451362	1.57377546693	1.76213774319	1.60465832685	1.82945163424	1.68007966926	1.82288642023	2.05688490272	1.84201021401	1.73777132296	2.03887587549	1.80278231518	1.67593391051	1.73078550584	1.65094562257	1.70182019455	1.85712402724	1.80405628405	2.28648900778	1.8450709144	1.47265315175	1.85014657588	1.84609700389	1.63568538911	1.83613978599	1.82534042802	1.8231444358	1.73869933852	1.97060885214	1.85775252918	2.54037107004	1.44547525292	1.77391859922	1.83728799611	1.80696412451
CF2	1.59231780156	1.44726511673	1.60071737354	1.24582083658	1.61521955253	1.24785799611	1.42265645914	1.71369717899	1.75353756809	1.4614838716	1.11736533074	1.48805173152	1.28864198444	1.33070607004	1.31861503891	1.70986959144	0.804190136187	0.791382217899	1.42975605058	1.19518719844	1.32100116732	0.806173346304	2.1403255642	2.24280535019	1.48439155642	1.65926859922	0.489500583658	0.0	0.985935077821	1.13609367704	0.812385719844	0.768752451362	1.71319677043	1.75895916342	1.62579105058	1.72009340467	1.64431583658	1.5973520428	1.68009548638	1.65211583658	1.59428400778	1.63443509728	1.67289571984	1.65600824903	1.71350698444	1.71492873541	1.73343531128	1.52157511673	1.47743803502	1.39146396887	1.59256085603	1.34583264591	1.25707021401	1.19325803502	1.41449145914	1.20384861868	1.27383110895	1.35945035019	1.32777535019	1.52297315175	1.36715914397	1.62701607004	1.43151134241	1.70620774319	1.94489322957	1.69571651751	1.56709322957	1.89394077821	1.67040515564	1.50546768482	1.57153877432	1.50004694553	1.54931498054	1.68944282101	1.66665079767	2.17693103113	1.71404764591	1.33926587549	1.64725992218	1.63239132296	1.63976464981	1.63003838521	1.60722525292	1.60117723735	1.54219610895	1.76229021401	1.65688750973	2.42529103113	1.29060964981	1.58269540856	1.62032838521	1.58743105058
CG1	1.29681805447	1.27476618677	1.72455474708	1.06118256809	2.07017023346	1.65653801556	1.29965608949	1.45013774319	1.49423081712	1.32340303502	1.60485060311	1.94992817121	1.12174289883	1.39320402724	1.23563848249	1.44881233463	0.841628326848	0.935179007782	1.10025642023	0.849337373541	1.555287607	1.15465511673	2.54608227626	2.63705066148	2.02112184825	2.23128001946	1.14814749027	0.985935077821	0.0	0.540129299611	0.788125622568	0.781129941634	1.55641464981	1.5898059144	1.41861033074	1.54879435798	1.3253598249	1.51181455253	1.56481643969	1.52206928016	1.569362393	1.52990359922	1.37514258755	1.50824114786	1.30313789883	1.54391894942	1.56924268482	1.77970875486	1.67439992218	1.48652916342	1.44262363813	1.57318464981	1.6128836965	1.56351291829	1.79756793774	1.52263412451	1.34768120623	1.50864449416	1.5367711284	1.48097678988	1.60251955253	1.85330531128	1.3590336965	1.61954974708	1.96163842412	1.8306388716	1.3739598249	1.87967247082	1.55804120623	1.38160922179	1.65207093385	1.84095035019	1.70408177043	1.67207743191	1.71146642023	2.08811848249	1.61262595331	1.5200127821	2.01269877432	1.29684367704	2.01856863813	1.33019828794	1.35607418288	1.47138348249	1.45643749027	1.66284299611	1.60556616732	2.35399661479	1.52851449416	1.52573009728	1.371527393	1.58232247082
CG2	1.28959809339	1.31296416342	1.97914225681	1.27131856031	2.19607264591	1.79937712062	1.27259285992	1.44179972763	1.4835440856	1.31099856031	1.74490877432	2.05684715953	1.38466052529	1.64284912451	1.26844268482	1.43603614786	0.902112490272	0.947630797665	0.805863307393	0.581874455253	1.76058247082	1.33622570039	2.61767317121	2.70710210117	2.14148344358	2.31061947471	1.24941250973	1.13609367704	0.540129299611	0.0	0.643523015564	0.757411848249	1.60371710117	1.57785159533	1.48567970817	1.57832700389	1.48539780156	1.57374712062	1.62954289883	1.59031857977	1.62730515564	1.59202558366	1.57874449416	1.56676208171	1.49355817121	1.5653507393	1.60616976654	2.02024338521	1.90832058366	1.68159970817	1.48869383268	1.80060507782	1.79799677043	1.74266723735	1.96782249027	1.71849097276	1.52993544747	1.71299087549	1.72753766537	1.61738667315	1.78672881323	2.10638005837	1.57653054475	1.74184889105	2.20200274319	2.06032964981	1.60423570039	2.14385317121	1.69123505837	1.59028607004	1.76895976654	1.95169867704	1.78699608949	1.91631031128	1.9404566537	2.35506237354	1.73787696498	1.64425589494	2.19521710117	1.5612931323	2.14945599222	1.52290614786	1.58971994163	1.47676227626	1.45377772374	1.67707645914	1.60676033074	2.59378439689	1.69603935798	1.52413593385	1.63592428016	1.8540283463
