	CA7	CA8	CB7	CB8	CC7	CC8	CD7	CD8	CE7	CE8	CF7	CF8	CG7	CG8	CH7	CH8	CA1	CA2	CB1	CB2	CC1	CC2	CD1	CD2	CE1	CE2	CF1	CF2	CG1	CG2	CH1	CH2	CA5	CA6	CB5	CB6	CC5	CC6	CD6	CE5	CE6	CF5	CF6	CG5	CG6	CH5	CH6	CA11	CA12	CB11	CB12	CC11	CC12	CD11	CD12	CE11	CE12	CF11	CF12	CG11	CG12	CH11	CH12	CA3	CA4	CB3	CB4	CC4	CD3	CD4	CE4	CF3	CF4	CG3	CG4	CH3	CH4	CA9	CA10	CB9	CB10	CC9	CC10	CD9	CD10	CE9	CE10	CF9	CG9	CG10	CH9	CH10
CA7	0.0	0.563881303502	1.87054811284	0.972073618677	1.88109202335	1.56603	0.579493929961	0.381764357977	0.309258171206	0.507745642023	1.49411297665	1.83178507782	1.1393277821	1.50856673152	0.500373638132	0.258994688716	1.89113696498	1.92142750973	1.44801389105	1.44163875486	1.62165562257	1.50189169261	2.87911980545	3.01377509728	2.34146822957	2.70025122568	1.72742891051	1.75776066148	1.36294315175	1.35906896887	1.45770799611	1.6175055642	0.710746070039	0.706125311284	0.699239688716	0.639482976654	0.787519669261	0.721467023346	0.791814319066	0.761851011673	0.791911906615	0.750397626459	0.782644143969	0.67246192607	0.643981167315	0.703450428016	0.706076031128	1.69780787938	1.36558114786	1.05979941634	0.920059513619	1.07947891051	1.1958636965	1.20614920233	1.5570540856	1.18617836576	0.893888035019	1.14813003891	1.31186782101	0.957005466926	1.21306365759	1.49259163424	1.07846558366	1.39612414397	1.85659447471	1.73579898833	1.10912356031	1.7741188716	1.27349554475	1.16281011673	1.49394247082	1.85689935798	1.37009891051	1.56041153696	1.58531385214	1.85739305447	1.3966651751	1.29221400778	1.72792799611	0.961481322957	1.86197105058	0.92855766537	0.978120447471	0.592640914397	0.790754747082	0.623903268482	0.606477140078	2.04729698444	1.29548361868	0.792412451362	1.0340681323	1.37717031128
CA8	0.563881303502	0.0	1.66527237354	0.774068735409	1.55347768482	1.21758527237	0.431597140078	0.608789669261	0.546442821012	0.378211575875	1.17032175097	1.46933140078	0.941592431907	1.34839060311	0.287507081712	0.607475330739	1.54043134241	1.55563114786	1.36954009728	1.31325702335	1.47777747082	1.34960937743	2.54182153696	2.66978546693	1.96878054475	2.31962867704	1.39719223735	1.44313589494	1.16032363813	1.27379035019	1.30209093385	1.35540986381	0.798878268482	0.784932256809	0.911828696498	0.765243385214	1.00791599222	0.849573229572	0.878630214008	0.850436984436	0.871027607004	0.839642276265	0.99432385214	0.757576108949	0.865464299611	0.792540214008	0.789857178988	1.80020276265	1.47802599222	1.15223114786	1.02790610895	1.18661772374	1.29952083658	1.13191906615	1.42765955253	1.16286324903	0.863885175097	1.26413184825	1.34824079767	1.06962879377	1.29180184825	1.59618196498	1.21794501946	1.50932466926	1.99475040856	1.71905756809	1.22808128405	1.88598484436	1.41275540856	1.28779768482	1.50453610895	1.78883708171	1.37512507782	1.64866677043	1.70546110895	1.97593167315	1.52686593385	1.09115643969	1.68569435798	1.05510803502	1.62031959144	0.936555272374	1.09229770428	0.717558404669	0.6332057393	0.753715583658	0.718895058366	2.17410354086	1.0900198249	0.815126673152	1.11482410506	1.41647083658
CB7	1.87054811284	1.66527237354	0.0	1.21559169261	0.928183287938	1.03053009728	1.76778418288	1.907515	1.89906001946	1.70881107004	1.1065159144	0.946744785992	0.939998735409	0.608727957198	1.69571046693	1.91460692607	1.69853142023	1.69086422179	2.33832496109	2.28381126459	1.37672688716	1.48821785992	1.819585	1.97620418288	1.19995957198	1.52004723735	1.66098464981	1.61688562257	1.75294570039	2.01211342412	2.04218011673	1.85198180934	2.06527990272	2.04079879377	1.73971678988	2.0177018677	1.70158972763	1.87204859922	1.98263005837	1.96784394942	1.99311725681	2.01018682879	1.62852677043	2.01634610895	1.80979507782	2.02826772374	2.0626013035	1.66103284047	1.55161385214	1.79727453307	1.88433241245	1.7221727821	1.69335161479	1.57968696498	1.40394289883	1.56830305447	1.60647976654	1.75895083658	1.61038966926	1.89779315175	1.72730811284	1.6465272179	1.74285280156	1.70235723735	1.66117939689	1.65691254864	1.40551680934	1.59029394942	1.76345046693	1.39888126459	1.75788715953	1.78591011673	1.81130270428	1.46278754864	1.72544328794	1.75406918288	1.76736021401	1.7726227821	1.78049968872	1.84484488327	1.58887741245	1.64763068093	1.56804774319	2.04320377432	1.87154445525	2.08483196498	2.11031357977	2.08082132296	1.82709180934	2.14502192607	1.72943616732	1.66586671206
CB8	0.972073618677	0.774068735409	1.21559169261	0.0	1.36941171206	1.08532957198	0.830417587549	1.05249365759	1.02466245136	0.830961167315	1.01571001946	1.29555173152	0.469187548638	0.875033268482	0.821911420233	1.04936632296	1.38444529183	1.41617268482	1.62759143969	1.57180976654	1.19138616732	1.14200990272	2.37992762646	2.49546089494	1.83433698444	2.17382966926	1.28050961089	1.28474750973	1.05747315175	1.24139223735	1.43679550584	1.25247097276	1.19588124514	1.1879179572	0.935422723735	1.17597075875	0.967867101167	1.06973566148	1.14673451362	1.15055754864	1.1340040856	1.16360284047	0.963493015564	1.16471819066	0.987956381323	1.18167525292	1.20839805447	1.61116963035	1.27699336576	1.04149774319	1.13957605058	1.0566614786	1.18401424125	1.01442445525	1.25969159533	1.03839509728	0.851993210117	1.13364879377	1.19687229572	1.12537472763	1.14432933852	1.42534657588	1.09628371595	1.41549577821	1.76387579767	1.52813821012	1.11398437743	1.66693750973	1.36547675097	1.16575645914	1.42752756809	1.67985118677	1.46631758755	1.45268998054	1.53109898833	1.78021274319	1.41362214008	1.08476638132	1.62024850195	1.06589914397	1.60518455253	0.877579533074	0.924688968872	1.1429801751	1.03729933852	1.19761342412	1.21051791829	2.01976285992	1.11179108949	1.25850680934	1.05486677043	1.28190175097
CC7	1.88109202335	1.55347768482	0.928183287938	1.36941171206	0.0	0.653272490272	1.59965595331	1.92981284047	1.91698645914	1.64201377432	0.765706167315	0.437274649805	1.26644350195	1.20226276265	1.5771209144	1.92824449416	1.41333984436	1.45811645914	2.21032105058	2.17426817121	1.49760103113	1.47768107004	1.28328949416	1.43554712062	0.791047879377	1.04325811284	1.41870945525	1.37808914397	1.85414116732	2.08148830739	1.88220402724	1.69962046693	1.95453151751	1.96414538911	1.95318700389	1.95493865759	1.89810640078	1.84344103113	1.86407330739	1.8918407393	1.8738185214	1.90935361868	1.99071682879	1.91901861868	1.96963961089	1.92510661479	1.96358540856	1.85362857977	1.86146787938	1.80672093385	1.9054990856	1.80035700389	1.7256444358	1.59020196498	1.42057182879	1.55596159533	1.62287885214	1.8114244358	1.73569136187	1.84948784047	1.77135867704	1.79735533074	1.87554149805	1.91677083658	2.12863945525	1.85235498054	1.66576725681	2.06798136187	1.86341169261	1.71331451362	1.82277040856	1.84585422179	1.76625848249	1.89104597276	1.90488494163	2.23836900778	1.93446579767	1.60929498054	1.7439986965	1.96190451362	1.40538610895	1.89467299611	1.93195223735	1.96236437743	1.77357299611	1.99527155642	2.02310492218	2.33495939689	1.68307766537	1.89922377432	1.92750902724	1.91943455253
CC8	1.56603	1.21758527237	1.03053009728	1.08532957198	0.653272490272	0.0	1.30964996109	1.57861929961	1.54217723735	1.30329019455	0.475406089494	0.546738229572	0.978798326848	1.04350198444	1.25590033074	1.59463219844	1.17762785992	1.26299743191	1.94702941634	1.93716178988	1.34448974708	1.13758433852	1.68400750973	1.80762225681	1.09943021401	1.41176309339	1.25227284047	1.17293389105	1.53540291829	1.80226531128	1.65697830739	1.45440622568	1.65958879377	1.67178005837	1.63801696498	1.66692192607	1.58093418288	1.56363391051	1.58380050584	1.60489626459	1.57815451362	1.62258793774	1.66782227626	1.63687196498	1.66142256809	1.63047085603	1.67901599222	1.77757714008	1.57055998054	1.51246038911	1.62083359922	1.49574404669	1.40032214008	1.21596445525	1.21533634241	1.21710817121	1.25153021401	1.49404042802	1.4061163035	1.55226857977	1.46995210117	1.57736980545	1.59670285992	1.73176752918	1.95760832685	1.65484863813	1.42374021401	1.88241023346	1.68501215953	1.45906521401	1.59532476654	1.68980616732	1.56767210117	1.66576348249	1.71861315175	2.05443052529	1.76753307393	1.19687583658	1.63853406615	1.57082848249	1.17506832685	1.48623120623	1.54832044747	1.54415402724	1.35884256809	1.63081023346	1.64214060311	2.26251429961	1.26095747082	1.56253245136	1.53263529183	1.57247642023
CD7	0.579493929961	0.431597140078	1.76778418288	0.830417587549	1.59965595331	1.30964996109	0.0	0.584191673152	0.56225692607	0.316691906615	1.22119445525	1.55198410506	1.04619509728	1.40846120623	0.374837996109	0.63174118677	1.59989167315	1.63255871595	1.33210544747	1.34649167315	1.53139394942	1.40146406615	2.62330066148	2.72967120623	2.07549935798	2.40415040856	1.43984315175	1.52465642023	1.31296354086	1.33050157588	1.33632850195	1.38859498054	0.827077976654	0.81871040856	0.967404202335	0.819003910506	1.05075741245	0.882472042802	0.897689571984	0.885230311284	0.896394007782	0.868361089494	1.04016071984	0.808513132296	0.943097782101	0.831238287938	0.816971245136	1.76431632296	1.44363741245	1.09187120623	0.992816750973	1.16515315175	1.29352614786	1.05667036965	1.44850392996	1.10932116732	0.813334571984	1.20766287938	1.31585338521	1.02149920233	1.25393101167	1.57903287938	1.18044021401	1.54756605058	2.03270684825	1.75955996109	1.30630822957	1.92793657588	1.4515335214	1.35525237354	1.52994671206	1.86933678988	1.40672509728	1.70806624514	1.74516163424	2.06432643969	1.55619470817	1.12833233463	1.70199363813	1.02617906615	1.70295241245	0.884232529183	1.04749118677	0.6657357393	0.56894463035	0.686139182879	0.682131536965	2.18990200389	1.13558225681	0.779361634241	1.0946814786	1.41613700389
CD8	0.381764357977	0.608789669261	1.907515	1.05249365759	1.92981284047	1.57861929961	0.584191673152	0.0	0.261140389105	0.483029883268	1.49412247082	1.83968799611	1.25452284047	1.57723023346	0.526292120623	0.321077684825	1.87377832685	1.8992929572	1.47615245136	1.43591105058	1.67719671206	1.55884507782	2.87711700389	2.99874521401	2.29724597276	2.66862433852	1.71516817121	1.74269898833	1.41784595331	1.41604776265	1.4487601751	1.63101237354	0.720032256809	0.687171964981	0.759024435798	0.623525077821	0.857404455253	0.712189163424	0.799343229572	0.742801828794	0.808976264591	0.746771478599	0.826591031128	0.660335116732	0.699734396887	0.697100622568	0.696189533074	1.7375490856	1.40493414397	1.13242108949	0.992787451362	1.1317048249	1.25724595331	1.17457554475	1.56908346304	1.17149311284	0.891526828794	1.20249428016	1.33083521401	1.01887441634	1.23936649805	1.53635229572	1.15316266537	1.44241939689	1.9339414786	1.74469774319	1.18367585603	1.81747089494	1.33737033074	1.24262058366	1.50000690661	1.86767083658	1.34328155642	1.62301293774	1.62452540856	1.92213546693	1.44334474708	1.28267252918	1.75783379377	1.04202167315	1.8739433463	0.922977392996	0.985761575875	0.529896867704	0.727637392996	0.586422256809	0.553915428016	2.13184546693	1.27344163424	0.764585914397	1.10540599222	1.4268244358
CE7	0.309258171206	0.546442821012	1.89906001946	1.02466245136	1.91698645914	1.54217723735	0.56225692607	0.261140389105	0.0	0.441381945525	1.46568149805	1.8422298249	1.21325961089	1.55442182879	0.503266867704	0.334206400778	1.8822522179	1.90394848249	1.46619054475	1.45883400778	1.61844033074	1.50104854086	2.89430544747	3.02790490272	2.30887589494	2.67495542802	1.7136248249	1.73917949416	1.39763474708	1.41724772374	1.4274394358	1.58926762646	0.712957276265	0.684787645914	0.729485992218	0.624357684825	0.832039747082	0.706639552529	0.79195233463	0.756433501946	0.787182957198	0.74402536965	0.814184922179	0.658748618677	0.687900077821	0.690915058366	0.694761984436	1.67654581712	1.33888492218	1.05937338521	0.910094338521	1.09200233463	1.18665747082	1.11325398833	1.49463011673	1.10310140078	0.831310564202	1.13904159533	1.27253038911	0.952069319066	1.19272280156	1.46585311284	1.08410177043	1.39375752918	1.86929801556	1.69703163424	1.09822169261	1.75672595331	1.28618118677	1.16519937743	1.4442127821	1.8121638716	1.30375505837	1.53924963035	1.55945941634	1.86745219844	1.39528626459	1.22854747082	1.70910503891	0.969576420233	1.80270474708	0.867683501946	0.944978696498	0.504936750973	0.676508404669	0.555185875486	0.535327607004	2.08214605058	1.20474840467	0.722139143969	1.03207836576	1.35735272374
CE8	0.507745642023	0.378211575875	1.70881107004	0.830961167315	1.64201377432	1.30329019455	0.316691906615	0.483029883268	0.441381945525	0.0	1.210815	1.55803717899	1.01235902724	1.35123350195	0.375737490272	0.539903054475	1.64546459144	1.67085342412	1.30221859922	1.3050007393	1.52649904669	1.36075371595	2.63197361868	2.76291937743	2.06336527237	2.42016780156	1.50328770428	1.52855315175	1.23108844358	1.29293873541	1.3237420428	1.40301155642	0.810452101167	0.805072159533	0.89277381323	0.779244844358	0.985129941634	0.836927723735	0.888012023346	0.868615136187	0.886315680934	0.845699805447	0.976448929961	0.778372198444	0.849201595331	0.802082062257	0.809858949416	1.75064924125	1.4093638716	1.10439953307	0.98497963035	1.12035992218	1.24977933852	1.0456961284	1.41429599222	1.07989976654	0.786870214008	1.19354081712	1.29645198444	1.00651457198	1.24066696498	1.54579708171	1.15647725681	1.49236344358	1.99331202335	1.69796536965	1.23452321012	1.87236552529	1.40311924125	1.29445404669	1.4722290856	1.81474321012	1.3533814786	1.65262737354	1.68355163424	1.99471169261	1.50819540856	1.1120977821	1.68309585603	1.00886914397	1.69497431907	0.862251828794	1.01120250973	0.634660836576	0.587942217899	0.679634941634	0.664472237354	2.16226998054	1.1228455642	0.801682178988	1.07676684825	1.4122251751
CF7	1.49411297665	1.17032175097	1.1065159144	1.01571001946	0.765706167315	0.475406089494	1.22119445525	1.49412247082	1.46568149805	1.210815	0.0	0.690947237354	0.926442976654	0.904138346304	1.20092303502	1.51922875486	1.14279110895	1.20038861868	1.915047607	1.87041336576	1.27925070039	1.07165245136	1.80003947471	1.93808764591	1.17552758755	1.52159159533	1.14085873541	1.09559215953	1.53321877432	1.74765140078	1.58556976654	1.32021040856	1.58357441634	1.61777404669	1.57139939689	1.60980128405	1.51232949416	1.4902888716	1.51630515564	1.54454192607	1.50429410506	1.55636289883	1.60784988327	1.57287692607	1.5945857393	1.55931453307	1.61661262646	1.65681054475	1.4473685214	1.38653087549	1.47014914397	1.35271254864	1.2818620428	1.08788182879	1.10376978599	1.06579309339	1.13853019455	1.34656138132	1.28093328794	1.42443105058	1.32153336576	1.46179052529	1.46722875486	1.68658466926	1.86945990272	1.54942212062	1.36075700389	1.80134068093	1.62090132296	1.38421865759	1.50879747082	1.62286307393	1.48234826848	1.56731867704	1.6038931323	1.98698038911	1.7092072179	1.0642890856	1.55268692607	1.44819896887	1.19762095331	1.39685507782	1.47285420233	1.45229089494	1.25561363813	1.51036503891	1.5237648249	2.19247867704	1.15339496109	1.43607531128	1.41537694553	1.44310114786
CF8	1.83178507782	1.46933140078	0.946744785992	1.29555173152	0.437274649805	0.546738229572	1.55198410506	1.83968799611	1.8422298249	1.55803717899	0.690947237354	0.0	1.19948931907	1.13626830739	1.49195918288	1.8461577821	1.35842558366	1.41033367704	2.1479042607	2.12225799611	1.51136743191	1.38303782101	1.43431305447	1.57844184825	0.80698844358	1.11549910506	1.36487780156	1.28935741245	1.78197188716	2.02168789883	1.80982579767	1.62995013619	1.857462393	1.88234420233	1.88328920233	1.88583712062	1.82963167315	1.77700264591	1.7817379572	1.81488445525	1.78948737354	1.81578842412	1.9138451751	1.8443363035	1.90629064202	1.83947955253	1.8738868677	1.86409891051	1.76518980545	1.70789488327	1.80240451362	1.68578468872	1.62357791829	1.45664120623	1.33305784047	1.45136188716	1.51617326848	1.69438959144	1.6335086965	1.73243649805	1.67559247082	1.71032628405	1.76994505837	1.90310077821	2.12367601167	1.81256321012	1.64567322957	2.03492896887	1.8663822179	1.68855678988	1.79550455253	1.79383673152	1.73965838521	1.87042945525	1.88741546693	2.23157342412	1.9353679572	1.48058768482	1.7396433463	1.85795188716	1.29108671206	1.78949215953	1.84660027237	1.86096961089	1.67479772374	1.90507916342	1.94874715953	2.37904326848	1.56516966926	1.80504429961	1.83398095331	1.84537060311
CG7	1.1393277821	0.941592431907	0.939998735409	0.469187548638	1.26644350195	0.978798326848	1.04619509728	1.25452284047	1.21325961089	1.01235902724	0.926442976654	1.19948931907	0.0	0.643557743191	0.99373959144	1.22916892996	1.31595420233	1.35291326848	1.79520797665	1.70229389105	1.21540966926	1.1577409144	2.26808972763	2.36874863813	1.72630429961	2.04296324903	1.22794859922	1.29076688716	1.15585859922	1.39831924125	1.60575990272	1.37970564202	1.3562614786	1.35433741245	1.0759618677	1.34354507782	1.05275511673	1.2021672179	1.29211856031	1.30706299611	1.27668929961	1.3310966537	0.979814338521	1.33116733463	1.14157529183	1.35082151751	1.37894891051	1.6169835214	1.25212764591	1.23531696498	1.32313846304	1.18967054475	1.26716385214	1.11355250973	1.25639684825	1.12051299611	1.05430122568	1.21266805447	1.23747891051	1.33345227626	1.23287093385	1.46038863813	1.20801371595	1.42919593385	1.66666307393	1.55113357977	1.06839826848	1.57963918288	1.4513764786	1.11595645914	1.51777040856	1.69641822957	1.55868785992	1.35117079767	1.55275171206	1.665897607	1.47625474708	1.12937077821	1.70596931907	1.1871336965	1.52294902724	1.07271011673	1.02208075875	1.3397690856	1.2303036965	1.41392077821	1.4121298249	1.96923227626	1.15020863813	1.47945027237	1.16412038911	1.25369178988
CG8	1.50856673152	1.34839060311	0.608727957198	0.875033268482	1.20226276265	1.04350198444	1.40846120623	1.57723023346	1.55442182879	1.35123350195	0.904138346304	1.13626830739	0.643557743191	0.0	1.40651772374	1.54849480545	1.53689715953	1.5923229572	2.02094529183	1.98565817121	1.16407099222	1.15596585603	2.12877093385	2.28681533074	1.56029966926	1.89088729572	1.44602466926	1.37160731518	1.47556529183	1.69719601167	1.76676745136	1.5425763035	1.69950396887	1.68421254864	1.39508392996	1.67265535019	1.34931243191	1.51938776265	1.62601708171	1.61438307393	1.63036501946	1.65693910506	1.28847745136	1.67426885214	1.46228062257	1.68455727626	1.71500696498	1.49607029183	1.22390776265	1.47189178988	1.56029033074	1.41033793774	1.37979136187	1.25413998054	1.13941521401	1.22391424125	1.28080328794	1.42271529183	1.27891478599	1.5776538716	1.41527583658	1.3502451751	1.41620678988	1.45613994163	1.38455342412	1.43201089494	1.14748025292	1.31848863813	1.50694258755	1.13023719844	1.53143667315	1.59898904669	1.58027614786	1.17587729572	1.4880948249	1.47271177043	1.52190642023	1.42284976654	1.62017247082	1.49069844358	1.55800361868	1.29078466926	1.20623822957	1.69404998054	1.5365114786	1.74912182879	1.76732698444	1.83250865759	1.48811848249	1.7983748249	1.37987070039	1.29728548638
CH7	0.500373638132	0.287507081712	1.69571046693	0.821911420233	1.5771209144	1.25590033074	0.374837996109	0.526292120623	0.503266867704	0.375737490272	1.20092303502	1.49195918288	0.99373959144	1.40651772374	0.0	0.556170116732	1.56521741245	1.58632363813	1.30333149805	1.28773994163	1.53280299611	1.38668793774	2.57560947471	2.69628550584	2.02662579767	2.35597054475	1.41800173152	1.47943215953	1.22355484436	1.28857027237	1.34036143969	1.37643087549	0.785897957198	0.772653968872	0.920570252918	0.719813618677	1.01347206226	0.851679533074	0.865754105058	0.835557762646	0.859541809339	0.820451575875	0.997112684825	0.726959027237	0.866675817121	0.771775155642	0.773343210117	1.85404490272	1.53299824903	1.20351391051	1.08185066148	1.23122640078	1.35991966926	1.15492856031	1.46243912451	1.18064620623	0.8793	1.32046192607	1.40770005837	1.12716867704	1.34422752918	1.65454122568	1.25814949416	1.56325404669	2.04896340467	1.75893274319	1.25074953307	1.93701496109	1.45283346304	1.32394005837	1.5430692607	1.84639937743	1.42378079767	1.68177498054	1.74660531128	2.01816891051	1.57011247082	1.12308375486	1.72706466926	1.09401282101	1.6503816537	1.001625	1.14566077821	0.689982879377	0.631860603113	0.735252431907	0.719505680934	2.21728167315	1.11154655642	0.785746089494	1.15212764591	1.45742453307
CH8	0.258994688716	0.607475330739	1.91460692607	1.04936632296	1.92824449416	1.59463219844	0.63174118677	0.321077684825	0.334206400778	0.539903054475	1.51922875486	1.8461577821	1.22916892996	1.54849480545	0.556170116732	0.0	1.92267437743	1.94040177043	1.46474344358	1.46782437743	1.66780680934	1.5213251751	2.89589939689	3.02341916342	2.34670105058	2.69902785992	1.72685900778	1.73810250973	1.43280815175	1.40792700389	1.46326536965	1.63226830739	0.684431303502	0.668279688716	0.694847607004	0.607024319066	0.787441478599	0.690391167315	0.763264066148	0.728235466926	0.766325972763	0.718003638132	0.780957859922	0.638598910506	0.640327684825	0.664267412451	0.67174114786	1.74789801556	1.38121136187	1.09538659533	0.919941984436	1.10225145914	1.23042632296	1.20130774319	1.57316523346	1.19562324903	0.910940933852	1.17177803502	1.34264192607	0.978297392996	1.24620939689	1.5246342607	1.09331322957	1.42248540856	1.87897099222	1.76223317121	1.15537003891	1.780132393	1.31560972763	1.19179698444	1.51455821012	1.87077719844	1.38045881323	1.59929252918	1.60677001946	1.89089684825	1.42197250973	1.30335005837	1.76639972763	0.98475422179	1.8770735214	0.966752626459	1.00260933852	0.576941284047	0.818308151751	0.548369124514	0.560813891051	2.05622389105	1.31324340467	0.802238424125	1.08461889105	1.41362717899
CA1	1.89113696498	1.54043134241	1.69853142023	1.38444529183	1.41333984436	1.17762785992	1.59989167315	1.87377832685	1.8822522179	1.64546459144	1.14279110895	1.35842558366	1.31595420233	1.53689715953	1.56521741245	1.92267437743	0.0	0.37019381323	1.15829560311	1.10013124514	1.74879581712	1.312747607	2.05817089494	2.16385657588	1.53888558366	1.8056609144	0.556480622568	0.684682373541	0.861661167315	1.04028036965	0.911483326848	0.634473540856	1.91666949416	1.879902393	1.87615568093	1.89066620623	1.86284394942	1.79219429961	1.82694867704	1.81582743191	1.83849490272	1.85500754864	1.90273632296	1.86625262646	1.89617431907	1.87678521401	1.91135420233	2.27937437743	2.02569523346	1.89905501946	2.0195838716	1.87707568093	1.8890551751	1.6388168677	1.79190645914	1.6965222179	1.66815138132	1.90898782101	1.94149038911	1.95597659533	1.86217385214	2.11365342412	1.99499597276	1.96967690661	2.24298217899	2.02440972763	1.85091142023	2.16138486381	1.90320585603	1.88237941634	1.86519698444	2.06082480545	1.8212518677	2.06627009728	2.043442607	2.26747764591	1.98389478599	1.55859735409	2.14828472763	1.90317540856	1.7962929572	1.8230618677	1.87052107004	1.92252994163	1.71395171206	1.96543902724	1.9984872179	2.68452122568	1.61178291829	1.86377412451	1.86739941634	1.91607167315
CA2	1.92142750973	1.55563114786	1.69086422179	1.41617268482	1.45811645914	1.26299743191	1.63255871595	1.8992929572	1.90394848249	1.67085342412	1.20038861868	1.41033367704	1.35291326848	1.5923229572	1.58632363813	1.94040177043	0.37019381323	0.0	1.16839303502	1.07803342412	1.78303250973	1.33122846304	2.10296700389	2.20469879377	1.58540422179	1.83542546693	0.530746653696	0.751578754864	0.8907007393	1.0281894358	0.890978618677	0.618202140078	1.9208670428	1.88765714008	1.89243513619	1.89628535019	1.89222749027	1.80773643969	1.83449513619	1.82667836576	1.83969797665	1.86388953307	1.93030363813	1.87364496109	1.90976758755	1.88474972763	1.91845844358	2.31720772374	2.06977628405	1.8877670428	2.0164890856	1.86847856031	1.93722832685	1.68350873541	1.82772906615	1.71824863813	1.67171655642	1.91605284047	1.96578770428	1.96180671206	1.90248361868	2.1525477821	2.00855643969	2.01839966926	2.28553412451	2.04178688716	1.9055505642	2.19950299611	1.92250472763	1.93492560311	1.85629935798	2.0899168677	1.82191439689	2.09833223735	2.05737326848	2.33065725681	2.02592863813	1.53712758755	2.18766947471	1.92081451362	1.77348708171	1.829002607	1.88406737354	1.95413535019	1.73377315175	1.96052361868	1.99966138132	2.74671394942	1.61359143969	1.8455492607	1.90075544747	1.94682758755
CB1	1.44801389105	1.36954009728	2.33832496109	1.62759143969	2.21032105058	1.94702941634	1.33210544747	1.47615245136	1.46619054475	1.30221859922	1.915047607	2.1479042607	1.79520797665	2.02094529183	1.30333149805	1.46474344358	1.15829560311	1.16839303502	0.0	0.296127120623	2.10406554475	1.61917321012	2.81621509728	2.96684447471	2.3594457393	2.64202418288	1.09432190661	1.23903968872	0.885403735409	0.67564651751	0.732965894942	0.868206614786	1.6790251751	1.63059873541	1.69500459144	1.60551394942	1.73751889105	1.60755998054	1.6851866537	1.66609027237	1.70218350195	1.6750211284	1.75335896887	1.62944410506	1.66625906615	1.65393272374	1.6338448249	2.40879562257	2.11615667315	1.82414042802	1.73270531128	1.91279638132	2.01483607004	1.81583675097	2.08003552529	1.86425070039	1.65246083658	1.96106245136	2.03896653696	1.7400690856	1.96302774319	2.24048105058	1.88036048638	1.91302970817	2.40530202335	2.21822540856	1.83810531128	2.30134077821	1.85731978599	1.90771159533	1.94079375486	2.25079223735	1.83368544747	2.24068791829	2.19430906615	2.43234103113	1.93022817121	1.8400681323	2.29036974708	1.81367214008	2.32928459144	1.73679575875	1.87242752918	1.5567535214	1.5026292607	1.62214797665	1.635255	2.81477297665	1.87474042802	1.57647708171	1.87279151751	2.13663898833
CB2	1.44163875486	1.31325702335	2.28381126459	1.57180976654	2.17426817121	1.93716178988	1.34649167315	1.43591105058	1.45883400778	1.3050007393	1.87041336576	2.12225799611	1.70229389105	1.98565817121	1.28773994163	1.46782437743	1.10013124514	1.07803342412	0.296127120623	0.0	2.09133974708	1.62573472763	2.77698992218	2.89088809339	2.29356414397	2.57669391051	1.02613350195	1.17918210117	0.823657431907	0.61703881323	0.752373560311	0.849402023346	1.69565634241	1.64068527237	1.69898898833	1.61950889105	1.74127029183	1.62086581712	1.70309653696	1.68434933852	1.71879898833	1.69397322957	1.75287803502	1.63634787938	1.66902564202	1.67188377432	1.65179575875	2.44458029183	2.16095889105	1.86707190661	1.76852196498	1.9382681323	2.05803789883	1.87269297665	2.06751342412	1.91571319066	1.71909449416	2.00214638132	2.07529817121	1.78070363813	1.99372206226	2.28020875486	1.92379710117	1.94084188716	2.43051906615	2.22852291829	1.84492433852	2.33604731518	1.87139970817	1.92296762646	1.9713886965	2.25986605058	1.85098521401	2.28422939689	2.21170155642	2.45976013619	1.95144992218	1.80837280156	2.31020714008	1.84169964981	2.31339151751	1.74179840467	1.89436173152	1.56436655642	1.4790451751	1.64024439689	1.64323414397	2.82454437743	1.8687648249	1.59481505837	1.91971416342	2.17372307393
CC1	1.62165562257	1.47777747082	1.37672688716	1.19138616732	1.49760103113	1.34448974708	1.53139394942	1.67719671206	1.61844033074	1.52649904669	1.27925070039	1.51136743191	1.21540966926	1.16407099222	1.53280299611	1.66780680934	1.74879581712	1.78303250973	2.10406554475	2.09133974708	0.0	0.770311712062	2.40263951362	2.52524857977	1.72549599222	2.10447217899	1.65877620623	1.48175317121	1.60287087549	1.7118677821	1.80979256809	1.68074215953	1.78906776265	1.77524793774	1.49196970817	1.75569824903	1.44570116732	1.60850797665	1.71387924125	1.71999974708	1.71378562257	1.74847768482	1.5045166537	1.77174233463	1.55299554475	1.75918651751	1.7935183463	1.27642354086	1.34640210117	1.39049142023	1.55808992218	1.36801118677	1.23887293774	1.11925735409	0.963541264591	1.11097974708	1.29297968872	1.37860678988	1.22303675097	1.51450466926	1.33152227626	1.26652764591	1.47573486381	1.37643171206	1.45430332685	1.04963289883	1.05928980545	1.39962710117	1.2751392607	1.09354632296	1.18728968872	1.25969466926	1.30144511673	1.15338330739	1.05695741245	1.5693288716	1.39072153696	1.14871418288	1.23965054475	1.44963033074	1.22460161479	1.31731383268	1.34306171206	1.69923447471	1.52693153696	1.72467986381	1.74299023346	1.85654836576	1.12747597276	1.64182698444	1.40775562257	1.34270620623
CC2	1.50189169261	1.34960937743	1.48821785992	1.14200990272	1.47768107004	1.13758433852	1.40146406615	1.55884507782	1.50104854086	1.36075371595	1.07165245136	1.38303782101	1.1577409144	1.15596585603	1.38668793774	1.5213251751	1.312747607	1.33122846304	1.61917321012	1.62573472763	0.770311712062	0.0	2.2973709144	2.43393616732	1.61004505837	1.98008856031	1.1339790856	0.964438229572	1.28991468872	1.32860976654	1.28745564202	1.15323107004	1.65748616732	1.65339782101	1.45242970817	1.62838373541	1.40864758755	1.47950338521	1.5833516537	1.59502822957	1.57636717899	1.61983001946	1.4688022179	1.64179015564	1.49623231518	1.62911725681	1.66655601167	1.35665894942	1.29981867704	1.26905048638	1.42362229572	1.23514951362	1.11707367704	0.971237470817	1.00368348249	0.976364961089	1.13892645914	1.25538356031	1.1320561284	1.34744875486	1.21165488327	1.23534986381	1.36186937743	1.42396264591	1.57371340467	1.18728243191	1.14320319066	1.49938675097	1.36056054475	1.16755605058	1.1878459144	1.295757393	1.26826118677	1.27796743191	1.20754842412	1.7175218677	1.45571710117	1.04449406615	1.27862848249	1.40241033074	1.27095192607	1.27778776265	1.34345245136	1.56153996109	1.43593457198	1.60056733463	1.6194785214	2.05255070039	1.06755449416	1.51179706226	1.36782854086	1.32784745136
CD1	2.87911980545	2.54182153696	1.819585	2.37992762646	1.28328949416	1.68400750973	2.62330066148	2.87711700389	2.89430544747	2.63197361868	1.80003947471	1.43431305447	2.26808972763	2.12877093385	2.57560947471	2.89589939689	2.05817089494	2.10296700389	2.81621509728	2.77698992218	2.40263951362	2.2973709144	0.0	0.487512684825	1.10824110895	0.725016634241	2.18311645914	2.14786723735	2.56410291829	2.72791468872	2.64047145914	2.37697322957	2.86460214008	2.83798877432	2.84908560311	2.84439655642	2.80570309339	2.75184484436	2.77311373541	2.7674592607	2.78301447471	2.79738027237	2.86957601167	2.81780153696	2.86015233463	2.82290723735	2.85863700389	2.90900889105	2.94833087549	2.9070633463	3.00863344358	2.88125832685	2.83528081712	2.66079916342	2.50052875486	2.64542015564	2.70028515564	2.90442747082	2.81545564202	2.94497075875	2.86287996109	2.88376303502	2.98299033074	2.31819161479	2.55182953307	2.38853747082	2.56773531128	2.48721762646	2.28738375486	2.63089793774	2.26224005837	2.38159671206	2.21375922179	2.66882974708	2.42175568093	2.62047636187	2.33242980545	2.6202236965	2.73919896887	2.97187968872	2.35003770428	2.84109365759	2.89142947471	2.96135153696	2.77553326848	3.02534435798	3.04253550584	3.14682959144	2.69998136187	2.93998494163	2.93598233463	2.92944957198
CD2	3.01377509728	2.66978546693	1.97620418288	2.49546089494	1.43554712062	1.80762225681	2.72967120623	2.99874521401	3.02790490272	2.76291937743	1.93808764591	1.57844184825	2.36874863813	2.28681533074	2.69628550584	3.02341916342	2.16385657588	2.20469879377	2.96684447471	2.89088809339	2.52524857977	2.43393616732	0.487512684825	0.0	1.24785850195	0.755469474708	2.28160906615	2.2776633463	2.68852377432	2.86030075875	2.77875445525	2.53277758755	2.98999206226	2.96858889105	2.96695237354	2.97031966926	2.93097052529	2.87714324903	2.90312066148	2.89903540856	2.91272346304	2.92765785992	2.99371519455	2.95038064202	2.98272568093	2.95272404669	2.98676346304	3.06416776265	3.09805406615	3.06180642023	3.16464632296	3.0291429572	2.98474326848	2.80786484436	2.63999976654	2.79176618677	2.84380768482	3.05711871595	2.96305875486	3.10192877432	3.01686299611	3.0334888716	3.13446671206	2.47323297665	2.71032143969	2.51373120623	2.68957877432	2.65028163424	2.4312164786	2.75725171206	2.40220009728	2.53764496109	2.3509363035	2.78653667315	2.56825692607	2.76951815175	2.48528455253	2.73929735409	2.88735550584	3.10452486381	2.4469711284	2.9706066537	3.02702033074	3.08493881323	2.9173766537	3.15963883268	3.1765809144	3.27781472763	2.8053114786	3.07224976654	3.06752945525	3.05993023346
CE1	2.34146822957	1.96878054475	1.19995957198	1.83433698444	0.791047879377	1.09943021401	2.07549935798	2.29724597276	2.30887589494	2.06336527237	1.17552758755	0.80698844358	1.72630429961	1.56029966926	2.02662579767	2.34670105058	1.53888558366	1.58540422179	2.3594457393	2.29356414397	1.72549599222	1.61004505837	1.10824110895	1.24785850195	0.0	0.754614202335	1.55174099222	1.4777064786	1.99185391051	2.20657731518	1.99740470817	1.82883900778	2.36557071984	2.34743447471	2.34113570039	2.35678128405	2.30710575875	2.25483992218	2.28519947471	2.27898640078	2.29563624514	2.30611289883	2.36672832685	2.33279863813	2.35821690661	2.33290394942	2.36301289883	2.04866498054	2.08641319066	2.05845406615	2.23154140078	2.01172048638	1.97504764591	1.90238863813	1.67161371595	1.85465173152	1.9594036965	2.03588289883	1.94469441634	2.10792120623	1.98745791829	2.0088483463	2.12434108949	2.09936194553	2.28609538911	1.94475826848	2.0449555642	2.20014064202	2.06489291829	2.09810947471	1.95420315175	1.83983961089	1.91666799611	2.14583560311	2.00309698444	2.39818389105	2.1177620428	1.96269227626	1.87759163424	2.39105885214	1.71175188716	2.22684013619	2.28964354086	2.38127330739	2.1727805642	2.41541328794	2.46190957198	2.65688863813	2.06555986381	2.33022266537	2.35365589494	2.33892605058
CE2	2.70025122568	2.31962867704	1.52004723735	2.17382966926	1.04325811284	1.41176309339	2.40415040856	2.66862433852	2.67495542802	2.42016780156	1.52159159533	1.11549910506	2.04296324903	1.89088729572	2.35597054475	2.69902785992	1.8056609144	1.83542546693	2.64202418288	2.57669391051	2.10447217899	1.98008856031	0.725016634241	0.755469474708	0.754614202335	0.0	1.83982441634	1.77297488327	2.34634931907	2.50876062257	2.29326124514	2.1042131323	2.72607258755	2.69738058366	2.68514040856	2.70010774319	2.64565972763	2.60036824903	2.63644429961	2.62947262646	2.64778480545	2.66626009728	2.70727365759	2.68049354086	2.69690970817	2.68842585603	2.72355861868	2.53413342412	2.5829777821	2.53513356031	2.65147194553	2.50438196498	2.46700285992	2.30079256809	2.1257586965	2.2853916537	2.35841486381	2.54015737354	2.43518161479	2.57596093385	2.49070780156	2.50611811284	2.62786373541	2.23824677043	2.43189546693	2.17613169261	2.34718653696	2.34748087549	2.1903718677	2.41519270428	2.10353743191	2.12938677043	2.06315570039	2.39676766537	2.23844710117	2.54431342412	2.25373305447	2.334732393	2.36464677043	2.72691675097	2.06620659533	2.59204519455	2.64984357977	2.73735525292	2.53418667315	2.77568410506	2.80376206226	2.9573192607	2.41834138132	2.68677896887	2.69020321012	2.6596401751
CF1	1.72742891051	1.39719223735	1.66098464981	1.28050961089	1.41870945525	1.25227284047	1.43984315175	1.71516817121	1.7136248249	1.50328770428	1.14085873541	1.36487780156	1.22794859922	1.44602466926	1.41800173152	1.72685900778	0.556480622568	0.530746653696	1.09432190661	1.02613350195	1.65877620623	1.1339790856	2.18311645914	2.28160906615	1.55174099222	1.83982441634	0.0	0.508909377432	0.857689182879	0.973954066148	0.736244883268	0.542359182879	1.7324540856	1.71243939689	1.70193762646	1.70873931907	1.72556301556	1.62661492218	1.64120357977	1.63810867704	1.65489521401	1.6724414786	1.76558772374	1.68851001946	1.72476019455	1.69188338521	1.72730610895	2.04788033074	1.77654581712	1.59296455253	1.69782935798	1.56004373541	1.64545276265	1.43422289883	1.60450280156	1.48447466926	1.40250433852	1.61483984436	1.68136529183	1.64274643969	1.61264307393	1.90216525292	1.68626429961	1.8599979572	2.15253937743	1.89269159533	1.73544655642	2.02740891051	1.80339554475	1.75975918288	1.7260705642	1.87445321012	1.68008062257	1.9855920428	1.89474996109	2.24080892996	1.89135229572	1.37925241245	1.92442145914	1.74443680934	1.75577342412	1.64071085603	1.70225842412	1.77736998054	1.56906498054	1.78350657588	1.82846717899	2.60066756809	1.46008521401	1.68657618677	1.73773354086	1.84821097276
CF2	1.75776066148	1.44313589494	1.61688562257	1.28474750973	1.37808914397	1.17293389105	1.52465642023	1.74269898833	1.73917949416	1.52855315175	1.09559215953	1.28935741245	1.29076688716	1.37160731518	1.47943215953	1.73810250973	0.684682373541	0.751578754864	1.23903968872	1.17918210117	1.48175317121	0.964438229572	2.14786723735	2.2776633463	1.4777064786	1.77297488327	0.508909377432	0.0	0.991335758755	1.12676678988	0.891591614786	0.705627431907	1.82311571984	1.8088927821	1.72369708171	1.7717813035	1.68476379377	1.64228461089	1.73314910506	1.73051365759	1.73226988327	1.76236237354	1.77653706226	1.77686145914	1.75165381323	1.78034299611	1.82542957198	1.87533484436	1.61034931907	1.56236817121	1.68079640078	1.53599817121	1.47615042802	1.31066931907	1.42750782101	1.3066359144	1.37762527237	1.56366463035	1.52191642023	1.59704453307	1.52057669261	1.71602669261	1.65242033074	1.77104309339	2.01713404669	1.73764766537	1.64943145914	1.89685564202	1.71173924125	1.6794233463	1.62318391051	1.67876854086	1.59411568093	1.82054060311	1.76140793774	2.13059581712	1.81327575875	1.36624673152	1.76275503891	1.7517722179	1.69397568093	1.65050879377	1.71178196498	1.79780519455	1.6293607393	1.81364583658	1.84518815175	2.48657970817	1.45288011673	1.75553953307	1.7382748249	1.71058494163
CG1	1.36294315175	1.16032363813	1.75294570039	1.05747315175	1.85414116732	1.53540291829	1.31296354086	1.41784595331	1.39763474708	1.23108844358	1.53321877432	1.78197188716	1.15585859922	1.47556529183	1.22355484436	1.43280815175	0.861661167315	0.8907007393	0.885403735409	0.823657431907	1.60287087549	1.28991468872	2.56410291829	2.68852377432	1.99185391051	2.34634931907	0.857689182879	0.991335758755	0.0	0.487502470817	0.751388229572	0.753361050584	1.55526929961	1.50518391051	1.3527522179	1.48173974708	1.39442756809	1.48125628405	1.5651592607	1.54344272374	1.58485782101	1.5564448249	1.39218429961	1.51212624514	1.35800435798	1.52796225681	1.52576105058	2.10024538911	1.75483768482	1.54375330739	1.4704757393	1.61324202335	1.71661774319	1.57065978599	1.70688859922	1.60753284047	1.44088830739	1.65432062257	1.72433529183	1.49134515564	1.64538945525	1.91656984436	1.57073889105	1.71086935798	2.14261035019	1.84246828794	1.47170928016	2.02763821012	1.61946819066	1.52092163424	1.7304079572	1.96749951362	1.72837708171	1.85831566148	1.83506661479	2.10439383268	1.71055910506	1.55222128405	2.05081247082	1.45440797665	2.03201607004	1.38851412451	1.50643282101	1.50170729572	1.42602412451	1.59140038911	1.594442393	2.42822309339	1.59066058366	1.56206350195	1.49749167315	1.77685354086
CG2	1.35906896887	1.27379035019	2.01211342412	1.24139223735	2.08148830739	1.80226531128	1.33050157588	1.41604776265	1.41724772374	1.29293873541	1.74765140078	2.02168789883	1.39831924125	1.69719601167	1.28857027237	1.40792700389	1.04028036965	1.0281894358	0.67564651751	0.61703881323	1.7118677821	1.32860976654	2.72791468872	2.86030075875	2.20657731518	2.50876062257	0.973954066148	1.12676678988	0.487502470817	0.0	0.576524085603	0.752338229572	1.60125717899	1.5482985214	1.41880422179	1.52790642023	1.46180249027	1.52494560311	1.61445550584	1.59135048638	1.62708324903	1.6018531323	1.45837439689	1.54449252918	1.41111488327	1.57753519455	1.56304250973	2.09877673152	1.79408035019	1.5473131323	1.47883548638	1.63528951362	1.75088134241	1.62261505837	1.86733998054	1.65827048638	1.48701062257	1.6901005642	1.74647142023	1.49223727626	1.67526449416	1.94928083658	1.59945918288	1.68107891051	2.11420356031	1.89951079767	1.49672867704	2.00527328794	1.61154762646	1.55484959144	1.71559677043	2.04413155642	1.69171215953	1.91764626459	1.86120036965	2.12458692607	1.6958842607	1.66899363813	2.06316906615	1.48179445525	2.18191955253	1.4323957393	1.55711941634	1.54241108949	1.49591340467	1.62608706226	1.63486097276	2.4827085214	1.67563173152	1.59251959144	1.56693562257	1.81495717899
