	CA7	CA8	CB7	CB8	CC7	CC8	CD7	CD8	CE7	CE8	CF7	CF8	CG7	CG8	CH7	CH8	CA1	CA2	CB1	CB2	CC1	CC2	CD1	CD2	CE1	CE2	CF1	CF2	CG1	CG2	CH1	CH2	CA5	CA6	CB5	CB6	CC5	CC6	CD6	CE5	CE6	CF5	CF6	CG5	CG6	CH5	CH6	CA11	CA12	CB11	CB12	CC11	CC12	CD11	CD12	CE11	CE12	CF11	CF12	CG11	CG12	CH11	CH12	CA3	CA4	CB3	CB4	CC4	CD3	CD4	CE4	CF3	CF4	CG3	CG4	CH3	CH4	CA9	CA10	CB9	CB10	CC9	CC10	CD9	CD10	CE9	CE10	CF9	CG9	CG10	CH9	CH10
CA7	0.0	0.468180019455	1.78884336576	0.932580564202	1.88167363813	1.52709468872	0.567336459144	0.39943692607	0.352752568093	0.583457159533	1.58391747082	1.74445632296	1.09675797665	1.47581682879	0.431878774319	0.256318929961	1.87233326848	1.77353735409	1.37362643969	1.35657371595	1.57936990272	1.46296610895	2.9820601751	2.92099381323	2.29094128405	2.48677861868	1.77314807393	1.71152128405	1.30373377432	1.43286182879	1.41980492218	1.5045042607	0.821518210117	0.725310972763	0.772915486381	0.68351807393	0.860676225681	0.789389357977	0.817260525292	0.819520330739	0.884047392996	0.770661478599	0.867913210117	0.642319863813	0.856563151751	0.712934241245	0.728773677043	1.63806715953	1.41283107004	1.03450064202	0.873181770428	1.04857879377	1.17501003891	1.12932025292	1.50956357977	1.33521737354	0.959153968872	1.05158821012	1.30151682879	0.979320428016	1.18349307393	1.64299128405	1.08870715953	1.40394616732	1.96933850195	1.8431594358	1.16842365759	1.70574474708	1.28372293774	1.19610319066	1.37297058366	1.8819288716	1.4322113035	1.34509005837	1.64619758755	1.94188025292	1.30419645914	1.23931132296	1.72390071984	0.862914688716	1.83921435798	0.853418949416	1.0192364786	0.571389007782	0.862740622568	0.615387217899	0.626254416342	2.00548291829	1.31199643969	0.801478949416	1.11657301556	1.36070021401
CA8	0.468180019455	0.0	1.71869046693	0.846600194553	1.67233015564	1.32835	0.413932859922	0.57640040856	0.50021885214	0.39567655642	1.38084939689	1.53863766537	0.982180486381	1.39324245136	0.279440311284	0.521341245136	1.60305877432	1.51964161479	1.36056809339	1.35366568093	1.47775093385	1.35138768482	2.78253007782	2.71140488327	2.12963803502	2.28779750973	1.55455821012	1.54428593385	1.21920414397	1.34027663424	1.24785046693	1.3226263035	0.815072937743	0.715454377432	0.883216750973	0.735224980545	0.964600019455	0.799797431907	0.811973385214	0.81846307393	0.875889513619	0.770291809339	0.975394163424	0.703143424125	0.970325661479	0.702985	0.743413151751	1.68006873541	1.49756182879	1.06948194553	0.953233891051	1.13427297665	1.20325087549	1.068307393	1.41698955253	1.24677824903	0.918354844358	1.11266636187	1.30538801556	1.06628103113	1.24431986381	1.69770223735	1.13639060311	1.46003587549	2.009322607	1.79463381323	1.20585083658	1.73367157588	1.36113198444	1.21829616732	1.39457616732	1.86559231518	1.46621988327	1.36478533074	1.63462857977	1.94793389105	1.41291562257	1.06361857977	1.73934712062	0.877034941634	1.65904472763	0.954430330739	1.09744610895	0.604712918288	0.725719513619	0.640936498054	0.655651906615	2.05952904669	1.14016914397	0.69612422179	1.12392533074	1.38645229572
CB7	1.78884336576	1.71869046693	0.0	1.1780992607	1.20794533074	1.12306618677	1.65173850195	1.93207488327	1.82958756809	1.61232811284	0.964695038911	1.01600171206	0.971992081712	0.54167922179	1.71807392996	1.84592038911	1.64938461089	1.72876733463	2.30694560311	2.2272763035	1.23327910506	1.33536145914	2.13662918288	2.03209177043	1.35712632296	1.50896906615	1.53579603113	1.45800363813	1.89164270428	1.86904071984	1.97418140078	1.8783607393	1.94675383268	2.03833616732	1.64010033074	2.00066303502	1.57827317121	1.86948941634	1.91102124514	1.92562439689	1.84456289883	1.93829986381	1.5334577821	1.9685759144	1.61064321012	1.9304579572	2.03219447471	1.52630776265	1.43117583658	1.7036592607	1.80774929961	1.58507896887	1.60870542802	1.48974743191	1.41176589494	1.34613953307	1.43644538911	1.63757367704	1.47764657588	1.72627379377	1.64692348249	1.4585694358	1.60249231518	1.62234595331	1.42941276265	1.53263011673	1.317972393	1.32061912451	1.67866206226	1.20809161479	1.6403138716	1.67394429961	1.60382521401	1.22841085603	1.57320737354	1.49305490272	1.68550142023	1.73031247082	1.69500832685	1.82102264591	1.63432892996	1.6330220428	1.43278093385	1.98801828794	1.76325457198	2.03181322957	2.05537124514	1.74912282101	1.68733459144	1.99265087549	1.55710634241	1.51045642023
CB8	0.932580564202	0.846600194553	1.1780992607	0.0	1.46593708171	1.14018879377	0.82513040856	1.06190305447	0.966040836576	0.7695257393	1.14167406615	1.29170120623	0.456618579767	0.863529182879	0.848807315175	0.966779961089	1.42786538911	1.31953118677	1.59299992218	1.50846937743	1.13577638132	1.0771127821	2.51890459144	2.45307410506	1.8908372179	2.04700089494	1.36003521401	1.3366194358	1.12557009728	1.23902717899	1.38904587549	1.30404642023	1.08716472763	1.16858005837	0.873352743191	1.16232159533	0.915940252918	1.05963249027	1.08616824903	1.09831976654	1.09731429961	1.1144531323	0.934518910506	1.12508645914	0.951912743191	1.07820398833	1.16946649805	1.53161570039	1.30984610895	1.00288692607	1.0911522179	0.983917529183	1.1240494358	1.00679066148	1.26128138132	1.06473463035	0.819195038911	1.01691900778	1.13656182879	1.04742243191	1.14151103113	1.53527780156	1.01659581712	1.359447393	1.7881751751	1.54171003891	1.08675717899	1.52959036965	1.34859046693	1.08714324903	1.38372741245	1.7043431323	1.36467525292	1.20438922179	1.51391608949	1.77504560311	1.38270589494	1.10439301556	1.6562063035	1.00106085603	1.61918414397	0.891670953307	0.922152529183	1.10797194553	1.03244733463	1.16177552529	1.18263762646	1.92527099222	1.15040575875	1.16655822957	1.01794595331	1.30356599222
CC7	1.88167363813	1.67233015564	1.20794533074	1.46593708171	0.0	0.649778715953	1.62703243191	1.96451243191	1.92124356031	1.6184031323	0.663515311284	0.586484824903	1.21280371595	1.18691210117	1.65406645914	1.96503875486	1.47232075875	1.59926624514	2.39225661479	2.32984023346	1.57644587549	1.50029749027	1.45264642023	1.32594371595	0.866632315175	0.927795019455	1.42554085603	1.41255103113	2.08029406615	2.01793729572	1.93492085603	1.81620785992	1.9010998249	1.96698371595	1.97229215953	1.98668046693	1.93028173152	1.87228961089	1.87031494163	1.88113245136	1.78721538911	1.90892978599	1.92884038911	2.00125560311	1.92194865759	1.91177920233	1.9537170428	1.91499523346	1.89388264591	1.82906712062	1.88524513619	1.81357554475	1.72597398833	1.61459136187	1.49306192607	1.4879544358	1.62174040856	1.78987570039	1.72015879377	1.87088519455	1.80017340467	1.93965643969	1.87516391051	2.01317377432	2.30832770428	2.00472431907	1.76850496109	2.11920538911	1.96465879377	1.76516861868	1.91899285992	1.95284877432	1.96771252918	1.84148054475	1.96892896887	2.34652272374	1.99774457198	1.60895001946	1.99874042802	1.90150042802	1.40245857977	1.93567819066	1.92757988327	1.91547396887	1.69667274319	1.98668782101	1.99667879377	2.36997935798	1.60615622568	1.83263554475	1.89414863813	1.96457474708
CC8	1.52709468872	1.32835	1.12306618677	1.14018879377	0.649778715953	0.0	1.30137429961	1.62518678988	1.55542468872	1.26475461089	0.616944610895	0.679102023346	0.88243422179	0.986636731518	1.30385645914	1.62386984436	1.25906305447	1.41937566148	2.12155832685	2.07391638132	1.38255155642	1.25254402724	1.85745420233	1.75099114786	1.0796286965	1.26585120623	1.20581256809	1.12013379377	1.80105671206	1.75209947471	1.65962354086	1.55556003891	1.61554025292	1.68569060311	1.65990920233	1.69782521401	1.62269550584	1.59946692607	1.58533564202	1.61438245136	1.4971520428	1.62679107004	1.62652583658	1.70281217899	1.62301449416	1.61878538911	1.68528463035	1.73507231518	1.59484311284	1.49699470817	1.55625645914	1.48753114786	1.39382068093	1.25228766537	1.35350208171	1.18463964981	1.2759072179	1.46348293774	1.39524299611	1.53778363813	1.48603433852	1.76500215953	1.57202266537	1.8165140856	2.08736357977	1.79988918288	1.55540640078	1.88042099222	1.76515066148	1.54441542802	1.69523671206	1.77187768482	1.74796856031	1.60543385214	1.74822628405	2.12561918288	1.80146282101	1.232632393	1.81625505837	1.51728116732	1.22342200389	1.58558605058	1.57181377432	1.54233474708	1.35347375486	1.61195350195	1.62486089494	2.22286807393	1.19780264591	1.45905219844	1.51890634241	1.59947431907
CD7	0.567336459144	0.413932859922	1.65173850195	0.82513040856	1.62703243191	1.30137429961	0.0	0.596622412451	0.511035603113	0.31081614786	1.3288355642	1.46938496109	0.944023929961	1.32336305447	0.404242782101	0.644870175097	1.58673089494	1.49268396887	1.43640227626	1.40232324903	1.51113667315	1.41647490272	2.67707383268	2.62902354086	2.03535669261	2.21239103113	1.49433161479	1.50448824903	1.28714529183	1.29403902724	1.35378928016	1.31145348249	0.89753692607	0.827150466926	0.950805992218	0.820815700389	1.03840610895	0.859902276265	0.881314455253	0.889226789883	0.978207003891	0.860274163424	1.03651717899	0.772182237354	1.02257603113	0.784090505837	0.836572548638	1.69555038911	1.51577807393	1.12108729572	0.992525972763	1.14198035019	1.2359763035	1.12919192607	1.44590727626	1.19908052529	0.987270116732	1.13480202335	1.29940667315	1.09595836576	1.2959311284	1.70338342412	1.18474303502	1.55384605058	2.09842939689	1.82547192607	1.30599330739	1.83545610895	1.41924422179	1.33307513619	1.49242579767	1.86634249027	1.54322321012	1.49600169261	1.72466435798	2.06681963035	1.49987747082	1.12472451362	1.79314379377	0.937562821012	1.71582050584	0.92220618677	1.09601628405	0.662809824903	0.662733891051	0.736661964981	0.742592276265	2.08907533074	1.1903286965	0.779594280156	1.19259243191	1.48584274319
CD8	0.39943692607	0.57640040856	1.93207488327	1.06190305447	1.96451243191	1.62518678988	0.596622412451	0.0	0.321079649805	0.566715486381	1.64202688716	1.82328418288	1.26931712062	1.61114036965	0.520059241245	0.367364571984	1.89811241245	1.79132505837	1.47810309339	1.47821717899	1.67995912451	1.5701592607	3.04843429961	2.97387848249	2.34307182879	2.5382090856	1.83664784047	1.75469696498	1.39394972763	1.54058891051	1.48439741245	1.57655931907	0.784093035019	0.698758326848	0.804692996109	0.639498035019	0.887712140078	0.732379824903	0.777892470817	0.765816011673	0.852409883268	0.729232062257	0.892876945525	0.594993754864	0.87605381323	0.66944229572	0.690225194553	1.67669824903	1.46894410506	1.07473340467	0.93142963035	1.11925038911	1.21509941634	1.15770624514	1.53455607004	1.33074480545	1.00906140078	1.08384568093	1.35043538911	1.07623435798	1.24003365759	1.6765577821	1.13450163424	1.45147776265	2.01690363813	1.8764398249	1.20094657588	1.76678891051	1.32434321012	1.23381272374	1.39383984436	1.93657097276	1.47667476654	1.39824433852	1.67407490272	1.97781044747	1.37336700389	1.26844614786	1.78521009728	0.937242431907	1.87746272374	0.894825175097	1.0335257393	0.500017918288	0.807472607004	0.557561108949	0.567668929961	2.04833595331	1.34120963035	0.809697120623	1.17273200389	1.44093472763
CE7	0.352752568093	0.50021885214	1.82958756809	0.966040836576	1.92124356031	1.55542468872	0.511035603113	0.321079649805	0.0	0.495194980545	1.58337599222	1.77494324903	1.14239957198	1.5125768677	0.472069669261	0.366431303502	1.84349132296	1.73051268482	1.41036126459	1.40916593385	1.58818659533	1.45984595331	2.99194873541	2.92848875486	2.30194805447	2.4967279572	1.77211854086	1.70903984436	1.29062089494	1.44450412451	1.41045807393	1.50714682879	0.788210350195	0.720089766537	0.75519692607	0.645845194553	0.848850116732	0.749066828794	0.778398929961	0.776763638132	0.859500544747	0.731329416342	0.849947957198	0.594432431907	0.834113307393	0.67339229572	0.707556712062	1.57670548638	1.36328445525	0.981302782101	0.834262354086	1.00888050584	1.11003937743	1.0587235214	1.44007789883	1.22954959144	0.919314513619	0.984675875486	1.25894184825	0.96696233463	1.13685544747	1.57210155642	1.03247097276	1.36667904669	1.90251791829	1.77629636187	1.12572396887	1.65387276265	1.25768616732	1.15332575875	1.30637540856	1.84492404669	1.37233830739	1.30876079767	1.57513972763	1.86594122568	1.29585311284	1.19136785992	1.69691725681	0.823761809339	1.80866237354	0.799944902724	0.928543054475	0.509994416342	0.758555914397	0.571772237354	0.587343054475	1.94689622568	1.24921566148	0.786172256809	1.05436803502	1.32755040856
CE8	0.583457159533	0.39567655642	1.61232811284	0.7695257393	1.6184031323	1.26475461089	0.31081614786	0.566715486381	0.495194980545	0.0	1.29165357977	1.4656194358	0.906558365759	1.27818149805	0.44708266537	0.61356114786	1.60311898833	1.49558933852	1.41592819066	1.39361110895	1.44057025292	1.37643175097	2.70311095331	2.64825894942	2.02944622568	2.20818036965	1.48673803502	1.48935474708	1.2512807393	1.24088396887	1.35184768482	1.33232356031	0.90435155642	0.819943229572	0.941150233463	0.822299241245	1.02941805447	0.872052081712	0.892381264591	0.906436245136	0.976732996109	0.857380505837	1.02950764591	0.765731575875	1.02349879377	0.78728770428	0.835554844358	1.70008964981	1.51329476654	1.12377087549	0.991117645914	1.12886622568	1.23456202335	1.10288379377	1.40107027237	1.18089200389	0.957312101167	1.127557393	1.29174107004	1.10780093385	1.28603910506	1.7226192607	1.17383774319	1.55572904669	2.08017570039	1.80519254864	1.28023276265	1.83305463035	1.43496227626	1.30382	1.49057019455	1.84552929961	1.53747920233	1.46932324903	1.70194027237	2.0462616537	1.51236540856	1.09705785992	1.7961686965	0.935126634241	1.6843466537	0.929222879377	1.09968963035	0.676964455253	0.678866420233	0.755458151751	0.786615194553	2.07894077821	1.15001601167	0.814004552529	1.16864079767	1.48459714008
CF7	1.58391747082	1.38084939689	0.964695038911	1.14167406615	0.663515311284	0.616944610895	1.3288355642	1.64202688716	1.58337599222	1.29165357977	0.0	0.520135972763	0.923186225681	0.911554571984	1.35995060311	1.66300819066	1.25564272374	1.37412412451	2.1080898249	2.05137048638	1.13444671206	1.08699568093	1.82963608949	1.72548198444	1.04477042802	1.21854285992	1.18324523346	1.11321735409	1.77880929961	1.7221614786	1.60482340467	1.50500336576	1.65720346304	1.72688840467	1.67287649805	1.72912554475	1.62752159533	1.61367461089	1.62631083658	1.63334410506	1.54477610895	1.66157700389	1.62314651751	1.73375262646	1.62268661479	1.65528575875	1.71495523346	1.50708322957	1.54300383268	1.47347484436	1.56667449416	1.4359081323	1.33027937743	1.17411449416	1.0689136965	1.06870912451	1.22498155642	1.39750867704	1.32393542802	1.51864836576	1.41552677043	1.54934785992	1.52005859922	1.66727367704	1.87829040856	1.55459461089	1.37147490272	1.71143879377	1.62064021401	1.37053381323	1.50584645914	1.5626092607	1.56372433852	1.44653332685	1.5231744358	1.94852892996	1.66012638132	1.22610848249	1.6071557393	1.55699402724	1.20008836576	1.56000696498	1.55291227626	1.5813301751	1.34476198444	1.64523531128	1.68951589494	2.0570592607	1.21581663424	1.49605322957	1.53792741245	1.62582807393
CF8	1.74445632296	1.53863766537	1.01600171206	1.29170120623	0.586484824903	0.679102023346	1.46938496109	1.82328418288	1.77494324903	1.4656194358	0.520135972763	0.0	1.10310966926	1.05574431907	1.52934151751	1.82848840467	1.33472457198	1.45941371595	2.24136922179	2.19514229572	1.38533124514	1.31959184825	1.65086163424	1.55288484436	0.892545272374	1.0248363035	1.2421118677	1.19153122568	1.91913359922	1.87640939689	1.75887439689	1.63902918288	1.76034643969	1.86064410506	1.82264231518	1.85084190661	1.79182484436	1.74997914397	1.73659280156	1.7624022179	1.65756955253	1.77795632296	1.78904490272	1.85613416342	1.78941900778	1.76626752918	1.83868677043	1.66935896887	1.7044540856	1.63255980545	1.68763128405	1.61861394942	1.5196431323	1.43836766537	1.27294087549	1.29302354086	1.4239035214	1.60053978599	1.5127444358	1.69260336576	1.61881885214	1.67081107004	1.68756375486	1.83084552529	2.10326509728	1.78613097276	1.58696461089	1.92502935798	1.78639256809	1.57916356031	1.70525336576	1.70553601167	1.75985077821	1.66849509728	1.75625149805	2.15933844358	1.80748593385	1.47389492218	1.73106035019	1.76092622568	1.37470706226	1.81282924125	1.79822268482	1.78371373541	1.58523546693	1.83925143969	1.86256330739	2.19198301556	1.43617801556	1.69295998054	1.75956653696	1.83895692607
CG7	1.09675797665	0.982180486381	0.971992081712	0.456618579767	1.21280371595	0.88243422179	0.944023929961	1.26931712062	1.14239957198	0.906558365759	0.923186225681	1.10310966926	0.0	0.656283988327	0.997889669261	1.13867402724	1.27903089494	1.27615194553	1.74251044747	1.651542393	1.10551819066	1.08012062257	2.32687433852	2.25504727626	1.66408914397	1.83174274319	1.1779231323	1.17286571984	1.28096124514	1.29307715953	1.50608523346	1.39218173152	1.27619789883	1.34574241245	1.02208525292	1.3573564786	1.04035645914	1.2265642607	1.25423667315	1.28428819066	1.21041529183	1.30208315175	1.06221134241	1.32098963035	1.07958233463	1.2676833463	1.36045830739	1.56260789883	1.32496640078	1.10272391051	1.20933939689	1.05036638132	1.15838976654	1.03902527237	1.2883848249	1.07484854086	0.853545447471	1.09096042802	1.18760071984	1.16102357977	1.160597393	1.56375968872	1.12373988327	1.42389585603	1.81271725681	1.58007838521	1.18689568093	1.55895525292	1.44710830739	1.17886171206	1.44551817121	1.67390922179	1.42812468872	1.26594083658	1.56270066148	1.81469838521	1.47365774319	1.0415385214	1.69587643969	1.13549033074	1.48214587549	1.07377700389	1.04648391051	1.26186659533	1.09105237354	1.30178375486	1.32009667315	1.9793155642	1.06954414397	1.27964171206	1.12012095331	1.30975250973
CG8	1.47581682879	1.39324245136	0.54167922179	0.863529182879	1.18691210117	0.986636731518	1.32336305447	1.61114036965	1.5125768677	1.27818149805	0.911554571984	1.05574431907	0.656283988327	0.0	1.40309649805	1.52276428016	1.53153363813	1.59338422179	2.05887883268	1.97950607004	1.15194669261	1.15174678988	2.28708677043	2.19471714008	1.58129998054	1.73788774319	1.4228929572	1.35494068093	1.64744745136	1.62039729572	1.79993513619	1.71316972763	1.62242698444	1.71202690661	1.32614219844	1.69160280156	1.25849523346	1.56429618677	1.59712276265	1.61943505837	1.51755994163	1.64003702335	1.22748042802	1.65700536965	1.32484920233	1.61872605058	1.71263840467	1.51467920233	1.24759762646	1.46986583658	1.58100416342	1.3697601751	1.38054768482	1.24932066148	1.28697472763	1.13513891051	1.19149881323	1.41784531128	1.27450902724	1.4993564786	1.42515095331	1.4438805642	1.37791142023	1.55722626459	1.51227898833	1.54291229572	1.18423200389	1.3377257393	1.61570252918	1.07537429961	1.60609678988	1.70991857977	1.56081789883	1.17116906615	1.56985994163	1.55812396887	1.61842892996	1.4525383463	1.73623894942	1.52916494163	1.52733651751	1.33086830739	1.14996389105	1.68536782101	1.51700511673	1.73433214008	1.75340136187	1.80016706226	1.40316626459	1.72178418288	1.30388478599	1.32333237354
CH7	0.431878774319	0.279440311284	1.71807392996	0.848807315175	1.65406645914	1.30385645914	0.404242782101	0.520059241245	0.472069669261	0.44708266537	1.35995060311	1.52934151751	0.997889669261	1.40309649805	0.0	0.504995642023	1.61361624514	1.52257608949	1.3604329572	1.34244972763	1.49853575875	1.37018309339	2.76131093385	2.69878476654	2.11364196498	2.28440984436	1.53489194553	1.52583305447	1.25244468872	1.34778690661	1.25384182879	1.29112155642	0.808539007782	0.706601536965	0.89589963035	0.713159494163	0.983649163424	0.7928792607	0.798665214008	0.791923501946	0.866095661479	0.758525894942	0.987383035019	0.687689961089	0.97588651751	0.696846206226	0.71081311284	1.69540523346	1.50057143969	1.08783980545	0.950045252918	1.15737636187	1.23020947471	1.10063645914	1.44656492218	1.24877871595	0.947822898833	1.13610095331	1.31726252918	1.06536994163	1.25446651751	1.71751461089	1.15911682879	1.47396120623	2.03707081712	1.8066136965	1.23707375486	1.76180791829	1.36822217899	1.27220970817	1.42688110895	1.87674445525	1.49182035019	1.41559828794	1.65298453307	2.01068229572	1.40918546693	1.0907831323	1.75790618677	0.915723774319	1.68719857977	0.957185894942	1.0898218677	0.590231828794	0.707282159533	0.650911945525	0.633307354086	2.08773402724	1.17137505837	0.671205038911	1.15863342412	1.40592291829
CH8	0.256318929961	0.521341245136	1.84592038911	0.966779961089	1.96503875486	1.62386984436	0.644870175097	0.367364571984	0.366431303502	0.61356114786	1.66300819066	1.82848840467	1.13867402724	1.52276428016	0.504995642023	0.0	1.94796710117	1.83991060311	1.40841894942	1.40803412451	1.62484167315	1.5281164786	3.06094377432	2.99468772374	2.40236819066	2.58604210117	1.85958747082	1.82114114786	1.32708889105	1.45091021401	1.51549933852	1.61458583658	0.769806089494	0.66601959144	0.682134571984	0.631790116732	0.769755077821	0.735147898833	0.763171867704	0.760336848249	0.825751459144	0.712289863813	0.770460311284	0.586158949416	0.76580422179	0.654124961089	0.675400233463	1.68392009728	1.41170840467	1.05530626459	0.856156342412	1.04977900778	1.20750523346	1.18344918288	1.56972651751	1.40093042802	1.00533340467	1.06597842412	1.33726272374	0.989777451362	1.20959912451	1.68384064202	1.05766258755	1.41898961089	1.99220346304	1.8663666537	1.13025819066	1.73499363813	1.27239805447	1.17625515564	1.38961566148	1.94137149805	1.4320636965	1.3332866537	1.66828029183	1.93299287938	1.28577021401	1.30476772374	1.78456599222	0.882942801556	1.91159523346	0.89184270428	1.03736276265	0.551038988327	0.911258968872	0.581757821012	0.584041206226	1.95339437743	1.37872618677	0.876990525292	1.12688797665	1.38274373541
CA1	1.87233326848	1.60305877432	1.64938461089	1.42786538911	1.47232075875	1.25906305447	1.58673089494	1.89811241245	1.84349132296	1.60311898833	1.25564272374	1.33472457198	1.27903089494	1.53153363813	1.61361624514	1.94796710117	0.0	0.397876614786	1.25511262646	1.2167157393	1.64034675097	1.2878811284	2.22562877432	2.10795330739	1.61197856031	1.73805468872	0.656250603113	0.74907229572	0.98934151751	0.9225992607	0.889879513619	0.722399163424	1.81495902724	1.91175128405	1.87681708171	1.87707756809	1.85694867704	1.77159928016	1.77781363813	1.77814071984	1.72075326848	1.79921357977	1.86110554475	1.89940733463	1.81522945525	1.81796817121	1.88920036965	2.16482249027	2.04763990272	1.86942764591	1.95119873541	1.85386844358	1.75918677043	1.6221935214	1.77027455253	1.6363431323	1.64019657588	1.83371770428	1.83109776265	1.92277587549	1.81780287938	2.16873949416	1.89289910506	1.89554231518	2.25111710117	2.00343289883	1.80522587549	1.9942577821	1.86622064202	1.8171077821	1.80332552529	2.01530801556	1.86496768482	1.86363951362	1.93571708171	2.21841472763	1.92366389105	1.51386077821	2.20845340467	1.8166390856	1.77400085603	1.87693727626	1.82908838521	1.84024994163	1.60046957198	1.88844608949	1.91218359922	2.55987143969	1.485355	1.73537330739	1.81172527237	1.85552480545
CA2	1.77353735409	1.51964161479	1.72876733463	1.31953118677	1.59926624514	1.41937566148	1.49268396887	1.79132505837	1.73051268482	1.49558933852	1.37412412451	1.45941371595	1.27615194553	1.59338422179	1.52257608949	1.83991060311	0.397876614786	0.0	1.12406122568	1.07545406615	1.71768496109	1.36317373541	2.31334114786	2.20330291829	1.71423291829	1.85523212062	0.714068385214	0.795284941634	0.861986614786	0.798462684825	0.763865233463	0.621129474708	1.73422338521	1.82242346304	1.80075303502	1.78347803502	1.83299754864	1.68763138132	1.69279931907	1.69411215953	1.71148622568	1.71410003891	1.84447293774	1.79783935798	1.80527233463	1.71960587549	1.81512916342	2.23327155642	2.07563262646	1.80502581712	1.86775885214	1.79050466926	1.83495038911	1.69971282101	1.83935564202	1.70770531128	1.62446054475	1.79111303502	1.89545994163	1.83997856031	1.85045595331	2.23302859922	1.8096622179	1.92707110895	2.33684180934	2.09821110895	1.79482661479	2.07400105058	1.8663031323	1.81656953307	1.85176933852	2.09130167315	1.90556356031	1.88787068093	2.02300575875	2.30870589494	1.93806035019	1.55045805447	2.28034791829	1.75980414397	1.89518081712	1.79491836576	1.76684009728	1.75922931907	1.55875684825	1.83260052529	1.85836200389	2.59395525292	1.57840920233	1.70222	1.75122383268	1.93960577821
CB1	1.37362643969	1.36056809339	2.30694560311	1.59299992218	2.39225661479	2.12155832685	1.43640227626	1.47810309339	1.41036126459	1.41592819066	2.1080898249	2.24136922179	1.74251044747	2.05887883268	1.3604329572	1.40841894942	1.25511262646	1.12406122568	0.0	0.281746420233	2.07271626459	1.65402566148	3.11559182879	2.99829488327	2.49816896887	2.68217003891	1.32263070039	1.41742978599	0.735055311284	0.669049513619	0.780636342412	0.918201167315	1.67907994163	1.65343994163	1.6251401751	1.62839498054	1.66260725681	1.62023396887	1.66738949416	1.64997490272	1.70724068093	1.6455905642	1.67568564202	1.58533264591	1.63457208171	1.59124900778	1.66330287938	2.28768099222	2.12621634241	1.79081400778	1.64252478599	1.8464990856	1.91507986381	1.85245303502	2.11630219844	2.00167540856	1.73525173152	1.85166978599	1.97971599222	1.73289468872	1.94063768482	2.28984250973	1.79027651751	1.84205992218	2.39453972763	2.25685155642	1.77356892996	2.14264752918	1.75254276265	1.82759503891	1.84403566148	2.30284994163	1.89923007782	1.96451922179	2.10432192607	2.39049202335	1.79671589494	1.96190768482	2.3472155642	1.6404466537	2.45579749027	1.72295173152	1.85377836576	1.54136225681	1.66280994163	1.59765070039	1.62264256809	2.66516527237	2.01138315175	1.58710087549	1.88495968872	2.08708459144
CB2	1.35657371595	1.35366568093	2.2272763035	1.50846937743	2.32984023346	2.07391638132	1.40232324903	1.47821717899	1.40916593385	1.39361110895	2.05137048638	2.19514229572	1.651542393	1.97950607004	1.34244972763	1.40803412451	1.2167157393	1.07545406615	0.281746420233	0.0	1.96596754864	1.53355776265	3.0616407393	2.93653924125	2.45208861868	2.62395217899	1.27183832685	1.33291966926	0.610343054475	0.589504105058	0.715459883268	0.832220856031	1.66265752918	1.63341511673	1.56846472763	1.61210949416	1.59938344358	1.60692782101	1.64968319066	1.6351848249	1.69140671206	1.62979219844	1.61382124514	1.56929785992	1.57663959144	1.57754998054	1.64216992218	2.21694803502	2.03050420233	1.7136688716	1.56320031128	1.76241527237	1.82917180934	1.78740330739	2.06591978599	1.94557544747	1.67469729572	1.77145752918	1.9237922179	1.65366363813	1.84668978599	2.20613507782	1.70180048638	1.76947284047	2.3202718677	2.2027440856	1.68616103113	2.05562803502	1.68254782101	1.7325101751	1.76648254864	2.26314363813	1.8163681323	1.86963680934	2.05087928016	2.31542151751	1.73910846304	1.92358480545	2.27822089494	1.55917365759	2.40639262646	1.65086492218	1.77527859922	1.54341101167	1.63842262646	1.60687116732	1.63182723735	2.59134523346	1.96948953307	1.57870453307	1.80093782101	2.00684770428
CC1	1.57936990272	1.47775093385	1.23327910506	1.13577638132	1.57644587549	1.38255155642	1.51113667315	1.67995912451	1.58818659533	1.44057025292	1.13444671206	1.38533124514	1.10551819066	1.15194669261	1.49853575875	1.62484167315	1.64034675097	1.71768496109	2.07271626459	1.96596754864	0.0	0.727458424125	2.51360311284	2.45509258755	1.72854282101	1.93222898833	1.59288062257	1.4378761284	1.57335920233	1.66158060311	1.73492311284	1.67664996109	1.68390332685	1.74473990272	1.4341509144	1.74616474708	1.38250476654	1.60900941634	1.64649490272	1.65909571984	1.5677786965	1.68639324903	1.38771953307	1.72515377432	1.38917780156	1.66988367704	1.75158972763	1.2074135214	1.28413696498	1.30865256809	1.47197431907	1.33614527237	1.18684616732	1.09562505837	0.943265933852	0.989421167315	1.13900001946	1.3134494358	1.1893866537	1.37484254864	1.23657799611	1.22194083658	1.31402367704	1.33633070039	1.4777992607	1.07383840467	0.9866757393	1.30384546693	1.35135023346	1.00529282101	1.17211570039	1.34087052529	1.22131412451	0.996462373541	1.07912503891	1.52002529183	1.39727854086	1.14665546693	1.3640081323	1.35115575875	1.12548110895	1.34736445525	1.32188342412	1.65522455253	1.37963920233	1.64202389105	1.68971424125	1.74853480545	1.07690988327	1.45912671206	1.28691992218	1.33469097276
CC2	1.46296610895	1.35138768482	1.33536145914	1.0771127821	1.50029749027	1.25254402724	1.41647490272	1.5701592607	1.45984595331	1.37643175097	1.08699568093	1.31959184825	1.08012062257	1.15174678988	1.37018309339	1.5281164786	1.2878811284	1.36317373541	1.65402566148	1.53355776265	0.727458424125	0.0	2.45032192607	2.3197733463	1.58773287938	1.81660706226	1.13898764591	0.989220194553	1.22540003891	1.30887661479	1.2592686965	1.21553118677	1.59304202335	1.67071560311	1.39666229572	1.64225449416	1.34558513619	1.51430422179	1.55057601167	1.55788628405	1.48240322957	1.58160163424	1.34595842412	1.62382803502	1.34552280156	1.56954793774	1.66418161479	1.21163470817	1.23307811284	1.18936916342	1.36480079767	1.19988618677	1.06443883268	1.00539928016	0.945603229572	0.905733560311	1.00942031128	1.16219182879	1.05136974708	1.29153657588	1.13414229572	1.23020684825	1.26021782101	1.34143025292	1.56244807393	1.21883410506	1.07705307393	1.37502097276	1.36005476654	1.10917101167	1.13153027237	1.28852610895	1.22851799611	1.11785994163	1.1677151751	1.62330488327	1.38070159533	1.15522027237	1.32580928016	1.31949608949	1.28720280156	1.32301801556	1.30087064202	1.58255799611	1.37606688716	1.56704005837	1.60806772374	1.92499513619	1.0729431323	1.40741898833	1.31151690661	1.369535
CD1	2.9820601751	2.78253007782	2.13662918288	2.51890459144	1.45264642023	1.85745420233	2.67707383268	3.04843429961	2.99194873541	2.70311095331	1.82963608949	1.65086163424	2.32687433852	2.28708677043	2.76131093385	3.06094377432	2.22562877432	2.31334114786	3.11559182879	3.0616407393	2.51360311284	2.45032192607	0.0	0.516204766537	1.33065208171	0.948339805447	2.31360392996	2.33194118677	2.90759978599	2.7925272179	2.82507143969	2.66522684825	2.94516052529	3.03320752918	2.991285	2.99375373541	2.94979398833	2.88416529183	2.90462377432	2.90471727626	2.84289099222	2.92646052529	2.946712607	3.00599762646	2.9041498249	2.93384974708	3.02171428016	2.98831285992	3.10010245136	3.05382544747	3.11055568093	3.02291142023	2.93350149805	2.79983439689	2.65380075875	2.68539708171	2.83581959144	3.00775900778	2.91264233463	3.08349297665	3.00663375486	2.98936145914	3.06622807393	2.42829319066	2.72905906615	2.51420229572	2.71211717899	2.54230527237	2.35665315175	2.73068336576	2.38757597276	2.49378527237	2.42366828794	2.70821626459	2.51376546693	2.73974859922	2.41518476654	2.76631542802	2.94343338521	3.02945198444	2.44604184825	3.0408361284	3.01510435798	3.04524245136	2.85457153696	3.13024194553	3.1431236965	3.23082309339	2.73129097276	2.98734297665	3.0368985214	3.04494062257
CD2	2.92099381323	2.71140488327	2.03209177043	2.45307410506	1.32594371595	1.75099114786	2.62902354086	2.97387848249	2.92848875486	2.64825894942	1.72548198444	1.55288484436	2.25504727626	2.19471714008	2.69878476654	2.99468772374	2.10795330739	2.20330291829	2.99829488327	2.93653924125	2.45509258755	2.3197733463	0.516204766537	0.0	1.17198766537	0.854706673152	2.16233099222	2.17588019455	2.79249809339	2.66968190661	2.66927087549	2.51015861868	2.85459342412	2.94584085603	2.91982315175	2.90747005837	2.87845175097	2.79946289883	2.81455021401	2.81216682879	2.75998789883	2.83493198444	2.87495192607	2.93031134241	2.82446214008	2.8472488716	2.92939749027	2.88978038911	3.00372558366	2.95150959144	3.00891247082	2.92125357977	2.84127945525	2.70679846304	2.56085210117	2.58075332685	2.7393451751	2.9174733463	2.81107620623	2.97782373541	2.91907836576	2.89052789883	2.96472789883	2.42723861868	2.72867021401	2.49718488327	2.63883299611	2.53655058366	2.37241803502	2.66316964981	2.36561217899	2.46158342412	2.42163815175	2.64516935798	2.46804879377	2.75014488327	2.41607249027	2.69215303502	2.84223391051	2.9674327821	2.36773937743	2.94972303502	2.93996776265	2.96640787938	2.78049210117	3.05617208171	3.08275126459	3.16410498054	2.65552317121	2.91235167315	2.97020978599	2.98015219844
CE1	2.29094128405	2.12963803502	1.35712632296	1.8908372179	0.866632315175	1.0796286965	2.03535669261	2.34307182879	2.30194805447	2.02944622568	1.04477042802	0.892545272374	1.66408914397	1.58129998054	2.11364196498	2.40236819066	1.61197856031	1.71423291829	2.49816896887	2.45208861868	1.72854282101	1.58773287938	1.33065208171	1.17198766537	0.0	0.588381848249	1.49348729572	1.47954673152	2.20040509728	2.10015922179	2.02513107004	1.94999636187	2.3276363035	2.42484229572	2.36013817121	2.38602363813	2.32006225681	2.27288535019	2.29613861868	2.28764854086	2.23297571984	2.31366766537	2.31691826848	2.39415033074	2.26973116732	2.32504859922	2.40998145914	1.96493494163	2.10611021401	2.06407367704	2.15911838521	2.0446688716	1.94412027237	1.94679297665	1.66919163424	1.71791001946	1.94074801556	2.03228338521	1.9120020428	2.12172256809	2.01604237354	1.97457836576	2.17164525292	2.08074429961	2.32140453307	1.98236900778	2.03018361868	2.14359568093	2.05409807393	2.05414922179	1.93189116732	1.82831571984	2.01684562257	2.01146846304	1.96250961089	2.38091974708	2.08154385214	1.99639315175	1.93398359922	2.32586822957	1.73778424125	2.2651092607	2.27575480545	2.36815243191	2.12557774319	2.40540628405	2.46162254864	2.62194116732	1.97067857977	2.25311011673	2.31072741245	2.33120503891
CE2	2.48677861868	2.28779750973	1.50896906615	2.04700089494	0.927795019455	1.26585120623	2.21239103113	2.5382090856	2.4967279572	2.20818036965	1.21854285992	1.0248363035	1.83174274319	1.73788774319	2.28440984436	2.58604210117	1.73805468872	1.85523212062	2.68217003891	2.62395217899	1.93222898833	1.81660706226	0.948339805447	0.854706673152	0.588381848249	0.0	1.65603797665	1.65449297665	2.40186920233	2.300192393	2.19720412451	2.10955891051	2.50001581712	2.5979809144	2.53779075875	2.56021490272	2.49827149805	2.44673245136	2.46499879377	2.45783377432	2.40300994163	2.48545433852	2.49357540856	2.56900124514	2.44426970817	2.49769227626	2.57920607004	2.23019344358	2.34150428016	2.30524914397	2.37489416342	2.27928737354	2.17916916342	2.14972167315	1.9088531323	1.94418050584	2.13676196498	2.26025235409	2.15424276265	2.33263188716	2.26039772374	2.23535138132	2.35439690661	2.09713404669	2.35824178988	2.02278657588	2.20859227626	2.17685040856	2.07472330739	2.23723496109	1.97151978599	1.90281332685	2.03750875486	2.18197817121	2.01027970817	2.40248840467	2.09317208171	2.19091496109	2.18485319066	2.48866774319	1.88427332685	2.48157036965	2.47243988327	2.54827571984	2.31756398833	2.58745805447	2.61855929961	2.76345340467	2.14949972763	2.43271865759	2.49446003891	2.52663404669
CF1	1.77314807393	1.55455821012	1.53579603113	1.36003521401	1.42554085603	1.20581256809	1.49433161479	1.83664784047	1.77211854086	1.48673803502	1.18324523346	1.2421118677	1.1779231323	1.4228929572	1.53489194553	1.85958747082	0.656250603113	0.714068385214	1.32263070039	1.27183832685	1.59288062257	1.13898764591	2.31360392996	2.16233099222	1.49348729572	1.65603797665	0.0	0.490295505837	1.07885632296	0.99649348249	0.83631151751	0.720016031128	1.73641605058	1.8233294358	1.79371321012	1.79552918288	1.78059535019	1.6806944358	1.70145136187	1.69368824903	1.65085550584	1.7216701751	1.78905311284	1.80789661479	1.75801577821	1.72051138132	1.81536922179	1.88497363813	1.74188490272	1.55504163424	1.64066463035	1.53303200389	1.45407745136	1.42916451362	1.55268138132	1.38056424125	1.388667607	1.5032131323	1.54090077821	1.60917157588	1.51857177043	1.87628472763	1.59509994163	1.87687276265	2.2464529572	1.90731175097	1.74386643969	1.99296589494	1.83098346304	1.77751558366	1.73916702335	1.79144293774	1.79756564202	1.8375859144	1.83569538911	2.27165299611	1.87021756809	1.43664472763	1.92258031128	1.75926105058	1.74544033074	1.76296752918	1.76346392996	1.80865762646	1.58385725681	1.86133338521	1.88185459144	2.51586282101	1.40266552529	1.68806449416	1.77031132296	1.85405307393
CF2	1.71152128405	1.54428593385	1.45800363813	1.3366194358	1.41255103113	1.12013379377	1.50448824903	1.75469696498	1.70903984436	1.48935474708	1.11321735409	1.19153122568	1.17286571984	1.35494068093	1.52583305447	1.82114114786	0.74907229572	0.795284941634	1.41742978599	1.33291966926	1.4378761284	0.989220194553	2.33194118677	2.17588019455	1.47954673152	1.65449297665	0.490295505837	0.0	1.11975575875	1.07066618677	0.922769046693	0.837776128405	1.75745081712	1.84758463035	1.75107945525	1.81016184825	1.72172673152	1.67312048638	1.71241990272	1.72267383268	1.66041392996	1.74464447471	1.73162924125	1.79634208171	1.69219957198	1.73887108949	1.84111258755	1.84463894942	1.69596939689	1.56074838521	1.64428013619	1.54287692607	1.42278805447	1.36592791829	1.51523945525	1.32497169261	1.3784811284	1.51946906615	1.51149842412	1.58849322957	1.53201210117	1.83279673152	1.58183400778	1.80422546693	2.13985737354	1.804352393	1.6465544358	1.90027385214	1.78742134241	1.68970447471	1.64953859922	1.72735673152	1.72933608949	1.71596978599	1.73323785992	2.16783371595	1.79800093385	1.3830240856	1.8771468677	1.68896507782	1.63380696498	1.68104657588	1.66391429961	1.7644590856	1.51199622568	1.80237110895	1.83929776265	2.41568867704	1.35096632296	1.63903404669	1.68088391051	1.73287188716
CG1	1.30373377432	1.21920414397	1.89164270428	1.12557009728	2.08029406615	1.80105671206	1.28714529183	1.39394972763	1.29062089494	1.2512807393	1.77880929961	1.91913359922	1.28096124514	1.64744745136	1.25244468872	1.32708889105	0.98934151751	0.861986614786	0.735055311284	0.610343054475	1.57335920233	1.22540003891	2.90759978599	2.79249809339	2.20040509728	2.40186920233	1.07885632296	1.11975575875	0.0	0.481757898833	0.602081264591	0.680016361868	1.49930988327	1.49682058366	1.29941268482	1.45449122568	1.33568536965	1.44962414397	1.48524772374	1.47406998054	1.51486455253	1.46853614786	1.34881317121	1.42015503891	1.32929571984	1.41354303502	1.49549546693	1.89701198444	1.70062336576	1.41508321012	1.33354418288	1.48268361868	1.54440735409	1.51671538911	1.7729640856	1.65491402724	1.40665669261	1.50639723735	1.61035250973	1.37811552529	1.54543964981	1.87481470817	1.41099715953	1.58745546693	2.07916955253	1.89686110895	1.37562338521	1.80936548638	1.51601406615	1.38815797665	1.59972175097	2.07726459144	1.5899798249	1.54212900778	1.80345894942	2.01865558366	1.58763821012	1.59770595331	1.99873219844	1.24051519455	2.11530844358	1.36450607004	1.4681020428	1.43287640078	1.43897902724	1.48845994163	1.51893048638	2.24904642023	1.65379317121	1.46346712062	1.45199640078	1.69724212062
CG2	1.43286182879	1.34027663424	1.86904071984	1.23902717899	2.01793729572	1.75209947471	1.29403902724	1.54058891051	1.44450412451	1.24088396887	1.7221614786	1.87640939689	1.29307715953	1.62039729572	1.34778690661	1.45091021401	0.9225992607	0.798462684825	0.669049513619	0.589504105058	1.66158060311	1.30887661479	2.7925272179	2.66968190661	2.10015922179	2.300192393	0.99649348249	1.07066618677	0.481757898833	0.0	0.660040953307	0.661497373541	1.66076342412	1.65014389105	1.51705610895	1.61340348249	1.5560318677	1.60609519455	1.64807589494	1.63305309339	1.6849785214	1.6306433463	1.56916842412	1.57282235409	1.53648766537	1.57413229572	1.65144406615	2.09571038911	1.92510083658	1.62630461089	1.50508566148	1.69432832685	1.74544824903	1.70894029183	1.89650062257	1.70448254864	1.58287128405	1.70199568093	1.80147768482	1.58406299611	1.76391007782	2.09690229572	1.61623754864	1.73594356031	2.23808110895	1.99161511673	1.55291933852	1.97843447471	1.66096324903	1.60804330739	1.71861046693	2.04588817121	1.75015900778	1.7242779572	1.92799766537	2.21195142023	1.71688365759	1.64310377432	2.16472558366	1.45041114786	2.10231661479	1.55650521401	1.66633994163	1.60261916342	1.43835673152	1.66431920233	1.69205912451	2.45842891051	1.67402803502	1.55118536965	1.67139725681	1.88297033074
