	CA7	CA8	CB7	CB8	CC7	CC8	CD7	CD8	CE7	CE8	CF7	CF8	CG7	CG8	CH7	CH8	CA1	CA2	CB1	CB2	CC1	CC2	CD1	CD2	CE1	CE2	CF1	CF2	CG1	CG2	CH1	CH2	CA5	CA6	CB5	CB6	CC5	CC6	CD6	CE5	CE6	CF5	CF6	CG5	CG6	CH5	CH6	CA11	CA12	CB11	CB12	CC11	CC12	CD11	CD12	CE11	CE12	CF11	CF12	CG11	CG12	CH11	CH12	CA3	CA4	CB3	CB4	CC4	CD3	CD4	CE4	CF3	CF4	CG3	CG4	CH3	CH4	CA9	CA10	CB9	CB10	CC9	CC10	CD9	CD10	CE9	CE10	CF9	CG9	CG10	CH9	CH10
CA7	0.0	0.464632996109	1.84300966926	0.950859922179	1.86867155642	1.53190865759	0.540749357977	0.323633385214	0.371659435798	0.597656634241	1.48085867704	1.78703451362	1.20886894942	1.65889809339	0.5346607393	0.213099455253	1.8088422179	1.80878122568	1.39329258755	1.40040601167	1.69265698444	1.58317916342	2.96868046693	3.00313173152	2.31945735409	2.72936955253	1.84337171206	1.6239836965	1.39432270428	1.37278212062	1.38296202335	1.53450587549	0.700586595331	0.655417217899	0.627675680934	0.595289416342	0.841976108949	0.677521167315	0.724335719844	0.705692412451	0.794286712062	0.776006673152	0.870407159533	0.638494669261	0.652139494163	0.617223560311	0.681106906615	1.66047184825	1.40226066148	1.04672659533	0.878301108949	1.10394501946	1.15525404669	1.15404124514	1.52619546693	1.19134350195	0.8275107393	1.07908924125	1.22181472763	1.03594752918	1.24642642023	1.6450329572	1.10770050584	1.47876616732	1.85929690661	1.77971389105	1.19349188716	1.80767511673	1.3217827821	1.26514640078	1.48376974708	1.89833970817	1.42529212062	1.4070514786	1.66063326848	1.96604453307	1.40577478599	1.24038437743	1.67074361868	1.04258577821	1.87299457198	0.984885836576	1.01926756809	0.543259688716	0.678001400778	0.558142354086	0.547274163424	1.89339324903	1.36829963035	0.776261050584	1.11801414397	1.44054916342
CA8	0.464632996109	0.0	1.65115597276	0.753074902724	1.56994229572	1.22482375486	0.332993988327	0.559467470817	0.500666828794	0.375332782101	1.18325980545	1.46144494163	0.998289105058	1.44638552529	0.278812529183	0.46054155642	1.50106097276	1.48492212062	1.38543854086	1.3630127821	1.52917083658	1.39695702335	2.66170708171	2.69547577821	1.99576431907	2.41130083658	1.51580774319	1.3189033463	1.20357717899	1.20653830739	1.20289579767	1.25191124514	0.775216984436	0.731480291829	0.795262645914	0.673237120623	1.01348933852	0.765351167315	0.788968988327	0.777645447471	0.864401731518	0.840179824903	1.03248206226	0.715853190661	0.824745914397	0.682291031128	0.7472157393	1.70675826848	1.46135011673	1.09543449416	0.971083249027	1.19161696498	1.21613400778	1.12309241245	1.44932756809	1.06942163424	0.821735097276	1.13258188716	1.24595153696	1.13195258755	1.20907957198	1.69633015564	1.18592272374	1.47870332685	1.94002589494	1.70322743191	1.25441608949	1.86320110895	1.36478321012	1.33047301556	1.42037986381	1.83585784047	1.42529527237	1.45706560311	1.62356770428	2.02460359922	1.50856657588	1.08426733463	1.69144350195	1.07517643969	1.66078620623	1.01852933852	1.08790208171	0.645850466926	0.648222645914	0.707989785992	0.672986108949	1.98591725681	1.1972138716	0.685281050584	1.16856830739	1.38862235409
CB7	1.84300966926	1.65115597276	0.0	1.25078873541	1.18510363813	1.13906373541	1.65484070039	1.93358768482	1.8019063035	1.64573194553	1.06915231518	1.08358632296	0.944198190661	0.555963910506	1.64793344358	1.85454472763	1.8041313035	1.74881579767	2.40918801556	2.27354338521	1.25444789883	1.33617653696	2.17586243191	2.13762700389	1.37698881323	1.78736350195	1.47647554475	1.640207607	1.67038190661	2.00413389105	1.97090503891	1.81105690661	1.98428536965	1.96951007782	1.78434433852	1.99315562257	1.5834327821	1.91585807393	1.97553231518	1.94290628405	1.91036365759	1.90972097276	1.49395710117	1.93489636187	1.77625974708	1.9886277821	2.01551027237	1.54710949416	1.37643371595	1.75143198444	1.81136439689	1.65726955253	1.60652815175	1.53285854086	1.46405564202	1.41765492218	1.49944963035	1.63272968872	1.58819649805	1.79291848249	1.62676087549	1.54023998054	1.54585791829	1.60765498054	1.37143789883	1.52004787938	1.32978603113	1.33319513619	1.69743719844	1.2928155642	1.66815684825	1.71187167315	1.65629143969	1.32759001946	1.586865	1.53067575875	1.66683359922	1.75313124514	1.7190879572	1.76020929961	1.62549824903	1.55592850195	1.48969346304	1.99306367704	1.92162464981	2.05263972763	2.05180659533	1.75013365759	1.62183762646	2.00685488327	1.5969951751	1.44780945525
CB8	0.950859922179	0.753074902724	1.25078873541	0.0	1.38356793774	1.02410332685	0.762072003891	1.06240171206	0.960769708171	0.798261459144	0.976348093385	1.22367505837	0.562305058366	0.988428015564	0.766017392996	0.944116498054	1.34120439689	1.31001110895	1.68191515564	1.53973301556	1.35448219844	1.19550577821	2.44505350195	2.45867476654	1.78254027237	2.19037566148	1.36387178988	1.23051354086	1.04343865759	1.29833694553	1.37189319066	1.22342867704	1.10120507782	1.08673885214	0.969885214008	1.10248731518	1.09443326848	1.06962070039	1.14590832685	1.10097031128	1.14208842412	1.14923970817	1.10286322957	1.07441311284	0.980316108949	1.08430663424	1.11108282101	1.69292149805	1.44143680934	1.10543453307	1.15976021401	1.20209346304	1.23311937743	1.14057229572	1.45003363813	1.09208466926	0.877893540856	1.16002791829	1.26526570039	1.12816305447	1.24260015564	1.66180832685	1.19051171206	1.53323449416	1.89075422179	1.64745957198	1.26315410506	1.8282342607	1.4406357393	1.30070418288	1.43383671206	1.76214422179	1.48097441634	1.41240848249	1.6095292607	1.99029562257	1.58825700389	1.08909616732	1.72400894942	1.14032219844	1.62699348249	1.000547393	1.06689756809	1.10493945525	1.09610365759	1.17111157588	1.17499455253	1.98325523346	1.17045247082	1.15782789883	1.19716784047	1.38978340467
CC7	1.86867155642	1.56994229572	1.18510363813	1.38356793774	0.0	0.66856807393	1.6435168677	1.98601338521	1.90629235409	1.59492717899	0.730260505837	0.531905603113	1.34074801556	1.07633455253	1.58025723735	1.9016063035	1.64681077821	1.6179957393	2.38268472763	2.31772998054	1.47676391051	1.37509309339	1.43412463035	1.42609970817	0.842912023346	1.11095889105	1.37398848249	1.42152618677	1.88203671206	2.13067503891	1.90483793774	1.74692385214	1.88467881323	1.91386702335	1.960842607	1.9611129572	1.89983159533	1.920617393	1.92088027237	1.88803708171	1.83805025292	1.8560479572	1.90778299611	1.94085844358	1.94972342412	1.92887441634	1.92264535019	1.8702079572	1.8563470428	1.81807678988	1.91467048638	1.83949062257	1.73592856031	1.64004540856	1.56261391051	1.54937898833	1.68803645914	1.8216027821	1.78055219844	1.86848282101	1.7537114786	1.85924933852	1.85453789883	1.94305250973	2.13567935798	1.86455105058	1.66326402724	2.1033901751	1.85752110895	1.71879476654	1.7941564786	1.89694266537	1.86946235409	1.81865552529	1.87929392996	2.28592678988	1.98511603113	1.60009597276	1.86413618677	1.95324402724	1.36346122568	1.90130225681	1.92422799611	1.89899412451	1.81802859922	1.96952593385	1.99886128405	2.18857527237	1.52667336576	1.83218326848	1.87146095331	1.857992393
CC8	1.53190865759	1.22482375486	1.13906373541	1.02410332685	0.66856807393	0.0	1.28326614786	1.6449283463	1.56493560311	1.28513774319	0.522220953307	0.59111192607	0.989660019455	0.903504961089	1.25303169261	1.55600780156	1.3825335214	1.36242536965	2.13653525292	2.06183856031	1.34612513619	1.1919822179	1.77414659533	1.776517393	1.08173414397	1.50002326848	1.14993620623	1.21590110895	1.5903548249	1.84988762646	1.66747243191	1.55257196498	1.59962330739	1.61450669261	1.64654966926	1.65573184825	1.58154033074	1.60993826848	1.6347831323	1.59329212062	1.54840229572	1.56313941634	1.58485437743	1.62981822957	1.62346605058	1.6197863035	1.64319486381	1.79261680934	1.59868581712	1.52959509728	1.612467393	1.54690297665	1.43396678988	1.31070001946	1.45078307393	1.24454270428	1.37248663424	1.52061856031	1.46842883268	1.58455400778	1.45158398833	1.78081920233	1.57087780156	1.77471451362	1.97982396887	1.73202122568	1.47366747082	1.93722712062	1.67457396887	1.53745634241	1.60862575875	1.81795066148	1.68416809339	1.64088663424	1.73667138132	2.1100066537	1.82888706226	1.23911610895	1.7905031323	1.56801992218	1.23470747082	1.57394126459	1.57700245136	1.5221783463	1.48933317121	1.60148894942	1.63997083658	2.11981155642	1.1279118677	1.44707854086	1.51899346304	1.50139105058
CD7	0.540749357977	0.332993988327	1.65484070039	0.762072003891	1.6435168677	1.28326614786	0.0	0.553794494163	0.477663774319	0.307802645914	1.22544231518	1.50519068093	0.990819708171	1.46919659533	0.331767762646	0.515759902724	1.48524013619	1.50549684825	1.37147642023	1.34405529183	1.57263548638	1.43971712062	2.68751511673	2.72119108949	2.03317215953	2.45876910506	1.56840200389	1.39958009728	1.23373673152	1.25640229572	1.29371966926	1.28706464981	0.834875486381	0.774488677043	0.826425583658	0.745674610895	1.03803978599	0.804348501946	0.840456595331	0.823763910506	0.91533151751	0.889151595331	1.06369103113	0.773184143969	0.855767645914	0.753343501946	0.794731712062	1.73610217899	1.4810883463	1.12886474708	1.01374194553	1.2028561284	1.24252001946	1.16636745136	1.51008105058	1.11587826848	0.882093638132	1.14022848249	1.26492898833	1.15728478599	1.23655258755	1.69334535019	1.22936939689	1.53661455253	2.00180910506	1.72090620623	1.32380486381	1.92866319066	1.39863564202	1.39460264591	1.45141085603	1.83375151751	1.47096513619	1.51071060311	1.6813386965	2.07176856031	1.57534468872	1.09143836576	1.73607492218	1.09042653696	1.69233918288	1.0177461284	1.10508918288	0.623738268482	0.60754188716	0.677071089494	0.650922081712	1.98646151751	1.21312365759	0.719044416342	1.18294949416	1.41852062257
CD8	0.323633385214	0.559467470817	1.93358768482	1.06240171206	1.98601338521	1.6449283463	0.553794494163	0.0	0.322789669261	0.633232937743	1.57114081712	1.89357280156	1.27189	1.74790252918	0.60049463035	0.311246692607	1.83164564202	1.84468282101	1.4931209144	1.52093589494	1.79385519455	1.64815865759	3.04431673152	3.08093196498	2.35675042802	2.79068208171	1.89598070039	1.68666583658	1.45948095331	1.43998678988	1.42436435798	1.59350766537	0.737866089494	0.68010192607	0.669477976654	0.600558949416	0.88345385214	0.679283696498	0.730718910506	0.722174396887	0.810909980545	0.778710836576	0.910659844358	0.632650817121	0.708401245136	0.642198891051	0.703779513619	1.71852698444	1.45609	1.10047503891	0.954512276265	1.14830754864	1.18882326848	1.16501696498	1.53333527237	1.2086348249	0.860031245136	1.12379503891	1.25020075875	1.08046001946	1.32297486381	1.68125019455	1.17262972763	1.52542052529	1.89891149805	1.7805322179	1.23923223735	1.8463131323	1.35113184825	1.31344161479	1.51229309339	1.92573110895	1.43711068093	1.42760957198	1.68139330739	1.96769254864	1.44938902724	1.27090585603	1.70544268482	1.11009585603	1.90015180934	0.972614124514	1.05261974708	0.569493501946	0.681221167315	0.551939785992	0.524742957198	1.96121717899	1.39886212062	0.791857392996	1.17412605058	1.48529605058
CE7	0.371659435798	0.500666828794	1.8019063035	0.960769708171	1.90629235409	1.56493560311	0.477663774319	0.322789669261	0.0	0.509741906615	1.47384811284	1.80830468872	1.15592484436	1.63580200389	0.512115894942	0.370586206226	1.74858675097	1.75360190661	1.40786400778	1.38715381323	1.68419976654	1.53170996109	2.96154585603	2.9917136965	2.26678180934	2.69345972763	1.80601811284	1.59218963035	1.3415459144	1.31444548638	1.33573694553	1.50315698444	0.811469105058	0.742773735409	0.695887607004	0.668724182879	0.909834416342	0.745389396887	0.798555933852	0.786641498054	0.882957354086	0.840484435798	0.93701881323	0.700982042802	0.733772743191	0.712011945525	0.776069105058	1.65120085603	1.39879457198	1.05369540856	0.928304747082	1.09680690661	1.16890383268	1.08457959144	1.45242291829	1.10323064202	0.824736712062	1.06593249027	1.17329540856	1.07278653696	1.20050231518	1.61279005837	1.13967142023	1.42232046693	1.85952945525	1.65684511673	1.20058330739	1.79073770428	1.2484240856	1.30284587549	1.4088436965	1.80970233463	1.34831700389	1.4045157393	1.55119184825	1.94119906615	1.44598998054	1.2117411284	1.63672776265	1.04039474708	1.83236171206	0.885973015564	0.988691634241	0.59885651751	0.59524811284	0.63198385214	0.602944922179	1.95338093385	1.30750571984	0.743433560311	1.14891529183	1.38514062257
CE8	0.597656634241	0.375332782101	1.64573194553	0.798261459144	1.59492717899	1.28513774319	0.307802645914	0.633232937743	0.509741906615	0.0	1.19216398833	1.49005710117	0.976465505837	1.44837527237	0.373942392996	0.61818885214	1.49291064202	1.50267081712	1.45084587549	1.42951420233	1.53225420233	1.45609607004	2.69376538911	2.72460058366	2.02529036965	2.44691953307	1.56231033074	1.40555410506	1.26343642023	1.2820277821	1.32455149805	1.32597550584	0.878906459144	0.838267237354	0.890457723735	0.815138696498	1.10355511673	0.873642431907	0.911395661479	0.88655422179	0.978049494163	0.951246498054	1.13129488327	0.842048501946	0.912565389105	0.806856303502	0.860179727626	1.74633319066	1.48970188716	1.13462241245	1.01250361868	1.20281678988	1.26158593385	1.16240289883	1.51650342412	1.12668044747	0.913020019455	1.15831945525	1.27807050584	1.15585564202	1.24239776265	1.72143422179	1.2392294358	1.56575848249	2.03395284047	1.75052406615	1.35299062257	1.94597824903	1.45136478599	1.43740941634	1.46845225681	1.82946677043	1.50168677043	1.54404620623	1.71943850195	2.1241433463	1.61446029183	1.09813428016	1.775202393	1.11277949416	1.68540953307	1.01345764591	1.111777393	0.685966089494	0.659525933852	0.730180661479	0.695935350195	2.03596715953	1.18626653696	0.81019733463	1.19123291829	1.45393661479
CF7	1.48085867704	1.18325980545	1.06915231518	0.976348093385	0.730260505837	0.522220953307	1.22544231518	1.57114081712	1.47384811284	1.19216398833	0.0	0.616113579767	0.992198249027	0.906464085603	1.18737743191	1.49091661479	1.29296287938	1.28031920233	2.02461095331	1.96780935798	1.16075134241	0.951031303502	1.8820122179	1.87959375486	1.09984023346	1.53373029183	0.978837198444	1.04341264591	1.50683928016	1.75007254864	1.50027918288	1.38676093385	1.52175305447	1.54184881323	1.56077902724	1.5906770428	1.5011259144	1.54102490272	1.5615714786	1.51930712062	1.46777457198	1.49078293774	1.50482474708	1.56345544747	1.53498785992	1.55064694553	1.57105861868	1.54793597276	1.4230059144	1.36786682879	1.4996457393	1.36170486381	1.24357276265	1.1195488716	1.17613270428	1.04964151751	1.1931566537	1.33802581712	1.28738861868	1.43658706226	1.30096996109	1.51997840467	1.42391879377	1.62638068093	1.76017457198	1.49774657588	1.32583768482	1.73992752918	1.53699659533	1.39811815175	1.40781842412	1.55915367704	1.49133429961	1.45261933852	1.52214272374	1.94564542802	1.66814988327	1.16165215953	1.51823700389	1.53242021401	1.26556768482	1.43496062257	1.48618896887	1.48479762646	1.39388311284	1.55614410506	1.54554143969	1.95582231518	1.09743675097	1.41776680934	1.43678464981	1.4479083463
CF8	1.78703451362	1.46144494163	1.08358632296	1.22367505837	0.531905603113	0.59111192607	1.50519068093	1.89357280156	1.80830468872	1.49005710117	0.616113579767	0.0	1.20996042802	0.958612918288	1.45478027237	1.80446552529	1.53934614786	1.49670095331	2.31867593385	2.25714519455	1.40416332685	1.25516994163	1.63012898833	1.62021472763	0.816105214008	1.19816250973	1.15082859922	1.27498291829	1.80368480545	2.06256472763	1.81475346304	1.61374027237	1.79953787938	1.82869566148	1.89047929961	1.87817455253	1.82675856031	1.83931190661	1.8399792607	1.80930252918	1.75356258755	1.77222001946	1.82931712062	1.85370128405	1.86950529183	1.84147134241	1.84871752918	1.70945173152	1.64971108949	1.60976826848	1.70109655642	1.63656089494	1.52934957198	1.43441428016	1.38359780156	1.35074505837	1.50793466926	1.60299356031	1.56627702335	1.66328924125	1.52479649805	1.68339743191	1.66850571984	1.91416266537	2.05962025292	1.7865933463	1.62753951362	2.03980920233	1.8179527821	1.66905336576	1.70961173152	1.75874394942	1.78492484436	1.76623264591	1.81127424125	2.2354894358	1.94978957198	1.46613468872	1.70648003891	1.8260364786	1.2792327821	1.77760607004	1.82528247082	1.79490910506	1.71063463035	1.86371025292	1.8659866537	2.17038706226	1.39955636187	1.71070447471	1.7683709144	1.7494061284
CG7	1.20886894942	0.998289105058	0.944198190661	0.562305058366	1.34074801556	0.989660019455	0.990819708171	1.27189	1.15592484436	0.976465505837	0.992198249027	1.20996042802	0.0	0.732593229572	0.974919805447	1.19407042802	1.36372972763	1.29770857977	1.87316546693	1.74385597276	1.21859258755	1.18971535019	2.3765181323	2.36961449416	1.71025287938	2.12225422179	1.34030595331	1.31450003891	1.12464928016	1.45365838521	1.59124891051	1.44238836576	1.30126367704	1.30040523346	1.11888229572	1.32039268482	1.01105568093	1.25886953307	1.32369856031	1.28250210117	1.25173212062	1.25573192607	0.972672645914	1.28240124514	1.10389996109	1.30804597276	1.32841375486	1.59915822957	1.32599875486	1.254857607	1.33243029183	1.20883984436	1.22855622568	1.16157447471	1.45569535019	1.09709171206	1.01099961089	1.16776690661	1.2394161284	1.29913620623	1.22496381323	1.58035311284	1.19592190661	1.4232238716	1.71684566148	1.53116474708	1.14233317121	1.64037616732	1.46796955253	1.19148811284	1.48180807393	1.76671126459	1.48166811284	1.28413089494	1.52907677043	1.79184036965	1.49845754864	1.15106632296	1.75515377432	1.2208616537	1.52524142023	1.06292466926	1.05675811284	1.32625544747	1.31884163424	1.37944503891	1.38707070039	1.8839083463	1.10604523346	1.387347393	1.15475317121	1.28838285992
CG8	1.65889809339	1.44638552529	0.555963910506	0.988428015564	1.07633455253	0.903504961089	1.46919659533	1.74790252918	1.63580200389	1.44837527237	0.906464085603	0.958612918288	0.732593229572	0.0	1.44733840467	1.67601322957	1.66036774319	1.60414103113	2.24535807393	2.11150044747	1.21368904669	1.22219675097	2.11603389105	2.08056071984	1.41870237354	1.84589601167	1.43098291829	1.52299198444	1.50802628405	1.8343413035	1.86487712062	1.72210338521	1.76979289883	1.76163371595	1.56778081712	1.7791311284	1.37028315175	1.71028428016	1.77291809339	1.72834638132	1.69327274319	1.69231511673	1.28986007782	1.74269996109	1.56867891051	1.77289900778	1.79510134241	1.55756756809	1.3829959144	1.64088877432	1.7262205642	1.55669544747	1.51366642023	1.43295867704	1.45054363813	1.30872346304	1.39230249027	1.5374105642	1.49819608949	1.67759138132	1.53505540856	1.52125875486	1.45284276265	1.55206126459	1.54054651751	1.54243486381	1.24599383268	1.51550025292	1.62601978599	1.21793243191	1.60990095331	1.765322393	1.61384585603	1.28635832685	1.56365007782	1.68643134241	1.61071980545	1.56637402724	1.79199264591	1.56136663424	1.49494659533	1.40053206226	1.31521001946	1.79922015564	1.73344929961	1.85961348249	1.876122607	1.83231966926	1.46387110895	1.8417988716	1.42502865759	1.4169505642
CH7	0.5346607393	0.278812529183	1.64793344358	0.766017392996	1.58025723735	1.25303169261	0.331767762646	0.60049463035	0.512115894942	0.373942392996	1.18737743191	1.45478027237	0.974919805447	1.44733840467	0.0	0.504298910506	1.44619972763	1.47607021401	1.4058668677	1.40294651751	1.59894212062	1.41490854086	2.63383961089	2.66849939689	1.9763481323	2.39899075875	1.53266957198	1.32967245136	1.18926947471	1.24124702335	1.25683642023	1.25684844358	0.814610680934	0.756414143969	0.851669727626	0.709809182879	1.06336077821	0.819043151751	0.819430155642	0.812823501946	0.902777723735	0.873792626459	1.08355560311	0.760364669261	0.883034007782	0.735414883268	0.782806089494	1.78485780156	1.53442249027	1.18974274319	1.06765492218	1.25909392996	1.29936626459	1.19862342412	1.52941321012	1.13599715953	0.91305766537	1.19284542802	1.31323223735	1.22785772374	1.29246501946	1.74359272374	1.27945381323	1.52301356031	1.98777566148	1.73768256809	1.31219332685	1.92022282101	1.42540928016	1.41672231518	1.464592393	1.87049367704	1.47582636187	1.51618225681	1.69728245136	2.06544896887	1.56367054475	1.11656208171	1.75507840467	1.14005546693	1.70309651751	1.06906054475	1.14912912451	0.706000583658	0.706433968872	0.759098229572	0.718798988327	2.03979476654	1.24911752918	0.747039105058	1.26145671206	1.4919420428
CH8	0.213099455253	0.46054155642	1.85454472763	0.944116498054	1.9016063035	1.55600780156	0.515759902724	0.311246692607	0.370586206226	0.61818885214	1.49091661479	1.80446552529	1.19407042802	1.67601322957	0.504298910506	0.0	1.79540933852	1.80454336576	1.40722717899	1.43305566148	1.73185110895	1.60491480545	2.97963338521	3.0163272179	2.325162607	2.74342542802	1.85018571984	1.64154793774	1.39438461089	1.37417149805	1.40552178988	1.53319431907	0.732249474708	0.681106945525	0.654486653696	0.601487626459	0.875300894942	0.68907848249	0.746324396887	0.732050856031	0.817501692607	0.796629552529	0.889062879377	0.647205797665	0.688487548638	0.637186011673	0.7004257393	1.68978289883	1.44749750973	1.07085472763	0.925137373541	1.14505996109	1.19378821012	1.14524692607	1.53146145914	1.19607762646	0.832208365759	1.09489250973	1.22961756809	1.09678406615	1.27310708171	1.680847393	1.16320723735	1.51327854086	1.90895698444	1.79146474708	1.22311064202	1.84017391051	1.35454083658	1.29374970817	1.50583881323	1.92683939689	1.44590865759	1.41278607004	1.66223178988	1.98462235409	1.45875634241	1.24892149805	1.69226167315	1.05943970817	1.86124535019	1.00569054475	1.05564223735	0.554188677043	0.709006108949	0.594815272374	0.575870505837	1.9133183463	1.37488749027	0.788268287938	1.16011527237	1.44001103113
CA1	1.8088422179	1.50106097276	1.8041313035	1.34120439689	1.64681077821	1.3825335214	1.48524013619	1.83164564202	1.74858675097	1.49291064202	1.29296287938	1.53934614786	1.36372972763	1.66036774319	1.44619972763	1.79540933852	0.0	0.309650525292	1.10567379377	1.08742044747	1.72145180934	1.2926509144	2.36716891051	2.33044822957	1.74129206226	2.13435484436	0.80656385214	0.706207431907	0.867693132296	0.917005311284	0.796456770428	0.61499770428	1.74425756809	1.74248391051	1.78005922179	1.79132322957	1.84419108949	1.72314529183	1.72725832685	1.71098474708	1.72202009728	1.7003201751	1.8677648249	1.74900529183	1.7762218677	1.76061857977	1.76930931907	2.25902060311	2.01646124514	1.77474558366	1.92796846304	1.81743400778	1.79635159533	1.69606035019	1.9242779572	1.61749817121	1.60707229572	1.77873698444	1.86591963035	1.87602663424	1.82865645914	2.20200544747	1.83359097276	1.94598157588	2.23313138132	2.00227062257	1.82058445525	2.16145717899	1.84555001946	1.88280682879	1.78328605058	2.09949655642	1.82902293774	1.91472381323	1.98557159533	2.33371036965	2.00792346304	1.50902811284	2.22177918288	1.80307772374	1.85727348249	1.74942937743	1.78655624514	1.77512708171	1.67476058366	1.81860877432	1.8202470428	2.51395694553	1.5347186965	1.68131832685	1.71645608949	1.90284188716
CA2	1.80878122568	1.48492212062	1.74881579767	1.31001110895	1.6179957393	1.36242536965	1.50549684825	1.84468282101	1.75360190661	1.50267081712	1.28031920233	1.49670095331	1.29770857977	1.60414103113	1.47607021401	1.80454336576	0.309650525292	0.0	1.08365914397	1.0277918677	1.74419883268	1.30078571984	2.35522904669	2.33223836576	1.69510142023	2.0868414786	0.796001342412	0.729657684825	0.824330428016	0.870835486381	0.784903599222	0.572475389105	1.77327669261	1.75875984436	1.79118289883	1.80180710117	1.85505885214	1.73057118677	1.75532064202	1.7221835214	1.74572844358	1.72222929961	1.87689998054	1.7549198249	1.78659398833	1.77534614786	1.80114622568	2.2788240856	2.04576966926	1.79911249027	1.93352906615	1.84367799611	1.82077363813	1.71466570039	1.95131988327	1.65256200389	1.63082632296	1.80042377432	1.89707268482	1.87937058366	1.83618643969	2.23816682879	1.84470811284	1.96014354086	2.2500659144	2.0461613035	1.8385951751	2.1891514786	1.85928311284	1.88758680934	1.8277218677	2.10122727626	1.8735133463	1.95202542802	2.00876885214	2.34579645914	2.00380752918	1.57412338521	2.24181865759	1.84178583658	1.90047696498	1.75529861868	1.78925980545	1.82875087549	1.7446613035	1.8645451751	1.86016756809	2.53295287938	1.59012439689	1.76218928016	1.75414984436	1.93852735409
CB1	1.39329258755	1.38543854086	2.40918801556	1.68191515564	2.38268472763	2.13653525292	1.37147642023	1.4931209144	1.40786400778	1.45084587549	2.02461095331	2.31867593385	1.87316546693	2.24535807393	1.4058668677	1.40722717899	1.10567379377	1.08365914397	0.0	0.291158404669	2.14978167315	1.77359175097	3.12537138132	3.12936902724	2.52174359922	2.90535264591	1.53304745136	1.32335305447	0.974604396887	0.671239455253	0.822475350195	0.898338774319	1.70459194553	1.64586914397	1.62083752918	1.6193164786	1.75217643969	1.6272064786	1.70200371595	1.66816601167	1.73822245136	1.71275766537	1.77433791829	1.64022752918	1.66141348249	1.6343833463	1.67023459144	2.42465159533	2.2062027821	1.8759281323	1.75689003891	1.98707157588	1.98868021401	1.98022453307	2.23578758755	1.92820254864	1.79351815175	1.95997840467	2.06534159533	1.9143029572	2.01138258755	2.38592928016	1.9506416537	1.96131377432	2.4276014786	2.26577441634	1.93843428016	2.3614507393	1.86378128405	2.01853264591	1.96043976654	2.35976128405	1.95852719844	2.11229787938	2.20325309339	2.52150124514	1.97710215953	1.93647400778	2.40071340467	1.8977059144	2.47069618677	1.86496461089	1.93135533074	1.53670803502	1.51629889105	1.60083509728	1.61705215953	2.6793440856	2.04542735409	1.56850359922	1.97914626459	2.1814559144
CB2	1.40040601167	1.3630127821	2.27354338521	1.53973301556	2.31772998054	2.06183856031	1.34405529183	1.52093589494	1.38715381323	1.42951420233	1.96780935798	2.25714519455	1.74385597276	2.11150044747	1.40294651751	1.43305566148	1.08742044747	1.0277918677	0.291158404669	0.0	2.04588151751	1.64397439689	3.06240180934	3.04878747082	2.45583208171	2.81945758755	1.468162393	1.24937449416	0.849152645914	0.557615097276	0.780056284047	0.831507217899	1.72666108949	1.66693319066	1.55871546693	1.63955550584	1.68470877432	1.6480083463	1.71672184825	1.68837379377	1.75981976654	1.73188202335	1.71132974708	1.64931258755	1.60389546693	1.65549451362	1.69223178988	2.33996883268	2.11668441634	1.81695568093	1.70023081712	1.92697107004	1.93609250973	1.92745266537	2.18099202335	1.8738686965	1.73094464981	1.89992175097	2.00645007782	1.85610937743	1.94504044747	2.30094990272	1.86897538911	1.86331	2.33221719844	2.14231215953	1.83093957198	2.26483342412	1.77122805447	1.91702330739	1.87516513619	2.2336633463	1.85965645914	2.02464285992	2.10763811284	2.43583490272	1.88830861868	1.90035902724	2.33283254864	1.81238844358	2.40650031128	1.78998955253	1.86960478599	1.56681445525	1.52342717899	1.64192424125	1.65152402724	2.60796680934	1.98831338521	1.56626620623	1.9124166537	2.10250128405
CC1	1.69265698444	1.52917083658	1.25444789883	1.35448219844	1.47676391051	1.34612513619	1.57263548638	1.79385519455	1.68419976654	1.53225420233	1.16075134241	1.40416332685	1.21859258755	1.21368904669	1.59894212062	1.73185110895	1.72145180934	1.74419883268	2.14978167315	2.04588151751	0.0	0.743601673152	2.49827558366	2.49183272374	1.66720083658	2.11160466926	1.40496142023	1.47399628405	1.52150470817	1.73186848249	1.73866464981	1.67246173152	1.7787588716	1.79987824903	1.59821297665	1.8165683463	1.45945289883	1.74985912451	1.81545616732	1.76559675097	1.72782692607	1.73797451362	1.46128391051	1.79681947471	1.59174180934	1.78145046693	1.8172451751	1.23650638132	1.26546601167	1.36451439689	1.51348844358	1.3525898249	1.21238733463	1.19360418288	0.971528638132	1.07677464981	1.32403441634	1.38089276265	1.2749136965	1.4160851751	1.27473620623	1.27245616732	1.3443086965	1.37363498054	1.50002817121	1.02386729572	1.02178190661	1.41256478599	1.38000361868	1.07347673152	1.18377346304	1.29612521401	1.26325583658	1.09165468872	1.04595029183	1.64968871595	1.44908464981	1.14179945525	1.33997005837	1.45755875486	1.14448315175	1.36708577821	1.38761587549	1.71134826848	1.59752682879	1.75568280156	1.75959931907	1.79152914397	1.08257373541	1.56403021401	1.31045190661	1.33075972763
CC2	1.58317916342	1.39695702335	1.33617653696	1.19550577821	1.37509309339	1.1919822179	1.43971712062	1.64815865759	1.53170996109	1.45609607004	0.951031303502	1.25516994163	1.18971535019	1.22219675097	1.41490854086	1.60491480545	1.2926509144	1.30078571984	1.77359175097	1.64397439689	0.743601673152	0.0	2.34804616732	2.31207533074	1.44606005837	1.93249976654	0.925678579767	0.926454610895	1.16519455253	1.39586420233	1.28633535019	1.20166558366	1.68741509728	1.68811455253	1.55382749027	1.69746375486	1.46774659533	1.62458682879	1.69357589494	1.65563939689	1.61798077821	1.62504961089	1.46846601167	1.66438616732	1.5396438716	1.68267003891	1.71454338521	1.36434210117	1.32881009728	1.31782062257	1.51767793774	1.31840285992	1.21483729572	1.14115309339	1.07799447471	1.01422173152	1.22359570039	1.32903505837	1.26837361868	1.42303879377	1.30472749027	1.34956523346	1.39708200389	1.4747085214	1.63940505837	1.24845542802	1.20671431907	1.54568241245	1.39570392996	1.28718750973	1.16042268482	1.32449420233	1.27820392996	1.29281558366	1.23144702335	1.80322996109	1.52476180934	1.15672291829	1.37122215953	1.53211062257	1.30328280156	1.39458235409	1.44352762646	1.64583250973	1.52091503891	1.69353396887	1.65590978599	1.93884964981	1.13114898833	1.50546492218	1.42952003891	1.41919451362
CD1	2.96868046693	2.66170708171	2.17586243191	2.44505350195	1.43412463035	1.77414659533	2.68751511673	3.04431673152	2.96154585603	2.69376538911	1.8820122179	1.63012898833	2.3765181323	2.11603389105	2.63383961089	2.97963338521	2.36716891051	2.35522904669	3.12537138132	3.06240180934	2.49827558366	2.34804616732	0.0	0.57185192607	1.27094420233	0.705172315175	2.20737774319	2.34006945525	2.73026274319	2.9355064786	2.82629373541	2.63279	2.90495990272	2.9036394358	2.95618762646	2.95789396887	2.88904159533	2.88841801556	2.89038782101	2.87036501946	2.83891597276	2.82444005837	2.90726867704	2.91122933852	2.95242054475	2.93684324903	2.92981733463	3.0273616537	3.02784038911	3.02916822957	3.12568157588	3.00210941634	2.92468848249	2.80946891051	2.74221850195	2.71631552529	2.85194264591	2.9802713035	2.96473484436	3.10052912451	2.96408564202	3.02256182879	3.05226692607	2.34469947471	2.58961632296	2.46648097276	2.67302328794	2.54899690661	2.32927243191	2.77969970817	2.33540710117	2.4907094358	2.3408394358	2.70115373541	2.48967404669	2.67774138132	2.39272392996	2.75639394942	2.9458670428	3.0901457393	2.42995445525	2.98729774319	3.01199924125	3.03900249027	2.96813400778	3.11738118677	3.11237782101	3.20577180934	2.6896279572	2.99119233463	3.01127589494	3.00433916342
CD2	3.00313173152	2.69547577821	2.13762700389	2.45867476654	1.42609970817	1.776517393	2.72119108949	3.08093196498	2.9917136965	2.72460058366	1.87959375486	1.62021472763	2.36961449416	2.08056071984	2.66849939689	3.0163272179	2.33044822957	2.33223836576	3.12936902724	3.04878747082	2.49183272374	2.31207533074	0.57185192607	0.0	1.24342838521	0.694203501946	2.17078293774	2.30658142023	2.71826054475	2.93427914397	2.78066332685	2.57811099222	2.95290840467	2.94705863813	2.98582694553	2.99542149805	2.92134126459	2.92627118677	2.93695118677	2.91153947471	2.88122	2.86464540856	2.9411416537	2.94755729572	2.98475597276	2.97038996109	2.97507299611	3.02414828794	3.02275184825	3.02052821012	3.12181793774	2.99462293774	2.91398710117	2.80013900778	2.7341385214	2.70500103113	2.84355663424	2.96787054475	2.96034902724	3.08480937743	2.96206842412	3.01347678988	3.04769550584	2.44226793774	2.64834486381	2.47950410506	2.68839451362	2.63222976654	2.38410474708	2.78553680934	2.36678525292	2.49271120623	2.3990688716	2.7166364786	2.49326970817	2.76748194553	2.46960881323	2.77509287938	2.93305305447	3.10604770428	2.45155042802	2.97839083658	3.02709599222	3.06051616732	2.98896784047	3.13470365759	3.12720177043	3.23876902724	2.69857521401	3.01306363813	3.02633571984	3.00991984436
CE1	2.31945735409	1.99576431907	1.37698881323	1.78254027237	0.842912023346	1.08173414397	2.03317215953	2.35675042802	2.26678180934	2.02529036965	1.09984023346	0.816105214008	1.71025287938	1.41870237354	1.9763481323	2.325162607	1.74129206226	1.69510142023	2.52174359922	2.45583208171	1.66720083658	1.44606005837	1.27094420233	1.24342838521	0.0	0.761289941634	1.32430015564	1.50037062257	2.0038405642	2.2573586965	2.02484229572	1.84466941634	2.30914725681	2.30022756809	2.33627326848	2.34985793774	2.27263949416	2.28106233463	2.29235291829	2.26950505837	2.23723009728	2.22514348249	2.28893863813	2.30635863813	2.33258626459	2.32138920233	2.33807095331	2.04134904669	2.06116490272	2.05183095331	2.20403585603	2.01065809339	1.94791023346	1.88989513619	1.74711336576	1.75215400778	1.97178015564	1.9974664786	1.97439064202	2.12445640078	1.97942750973	2.05773758755	2.11242509728	2.10153025292	2.24584546693	1.93767175097	1.97597729572	2.20261324903	2.02290920233	2.12026064202	1.90025881323	1.86108184825	1.96889496109	2.0303281323	1.96738194553	2.40579511673	2.13407642023	1.99630040856	1.97483824903	2.41020250973	1.69208453307	2.19741307393	2.27553632296	2.32770634241	2.23456373541	2.37712169261	2.3524166537	2.62702044747	1.93775624514	2.24619322957	2.30152624514	2.31611990272
CE2	2.72936955253	2.41130083658	1.78736350195	2.19037566148	1.11095889105	1.50002326848	2.45876910506	2.79068208171	2.69345972763	2.44691953307	1.53373029183	1.19816250973	2.12225422179	1.84589601167	2.39899075875	2.74342542802	2.13435484436	2.0868414786	2.90535264591	2.81945758755	2.11160466926	1.93249976654	0.705172315175	0.694203501946	0.761289941634	0.0	1.7637301751	1.91572935798	2.44904373541	2.6570085214	2.42952966926	2.22164340467	2.69678319066	2.69791210117	2.74194585603	2.75285815175	2.67796418288	2.68377142023	2.68081842412	2.66570714008	2.63421949416	2.61835564202	2.69666079767	2.70739208171	2.74146542802	2.72375505837	2.72457085603	2.53188898833	2.55139305447	2.53457354086	2.6476429572	2.52707118677	2.44827503891	2.36188445525	2.25488357977	2.23770309339	2.42555655642	2.5066288716	2.48949809339	2.61955085603	2.47639511673	2.54036861868	2.58393418288	2.23873976654	2.4024218677	2.15424406615	2.37305474708	2.36119050584	2.17963105058	2.48596420233	2.08473140078	2.09257754864	2.13459513619	2.39104149805	2.1847283463	2.55806027237	2.27114044747	2.42385319066	2.46865075875	2.80355365759	2.09329579767	2.63540951362	2.70707066148	2.76860285992	2.66960340467	2.81686649805	2.79317698444	2.97049350195	2.34158182879	2.67609850195	2.7083092607	2.69483357977
CF1	1.84337171206	1.51580774319	1.47647554475	1.36387178988	1.37398848249	1.14993620623	1.56840200389	1.89598070039	1.80601811284	1.56231033074	0.978837198444	1.15082859922	1.34030595331	1.43098291829	1.53266957198	1.85018571984	0.80656385214	0.796001342412	1.53304745136	1.468162393	1.40496142023	0.925678579767	2.20737774319	2.17078293774	1.32430015564	1.7637301751	0.0	0.496875330739	1.09530196498	1.29752990272	1.05054105058	0.862047782101	1.83054422179	1.81638912451	1.84150941634	1.84559046693	1.78124171206	1.78481575875	1.82525070039	1.7820144358	1.76064095331	1.74662811284	1.79908867704	1.81195128405	1.83996883268	1.82363597276	1.85309321012	1.78992048638	1.55911544747	1.54230838521	1.72946149805	1.52933743191	1.43228420233	1.35469817121	1.46423068093	1.26891404669	1.482187393	1.51142854086	1.48539293774	1.64484336576	1.4953970428	1.74365256809	1.64200719844	1.86447406615	2.05573511673	1.73442431907	1.70577441634	1.99476402724	1.75914134241	1.76985149805	1.62484900778	1.6542031323	1.6985101751	1.80309105058	1.7358011284	2.22337052529	1.89954571984	1.47834939689	1.75003980545	1.85877200389	1.62897468872	1.73733747082	1.8112705642	1.84645571984	1.74473124514	1.89282892996	1.86403058366	2.3530768677	1.42287581712	1.74354824903	1.76268212062	1.762027607
CF2	1.6239836965	1.3189033463	1.640207607	1.23051354086	1.42152618677	1.21590110895	1.39958009728	1.68666583658	1.59218963035	1.40555410506	1.04341264591	1.27498291829	1.31450003891	1.52299198444	1.32967245136	1.64154793774	0.706207431907	0.729657684825	1.32335305447	1.24937449416	1.47399628405	0.926454610895	2.34006945525	2.30658142023	1.50037062257	1.91572935798	0.496875330739	0.0	0.863835622568	1.08903270428	0.816940466926	0.662553268482	1.60462900778	1.60240083658	1.64097330739	1.64625696498	1.64876840467	1.58724513619	1.6043255642	1.56605696498	1.54639282101	1.53498916342	1.6711970428	1.61693459144	1.63745649805	1.61581733463	1.63089107004	1.85987375486	1.62439684825	1.46084079767	1.60569959144	1.46489439689	1.429667393	1.31626766537	1.55924892996	1.2726222179	1.30943019455	1.45172970817	1.49372184825	1.56373476654	1.43602875486	1.81656159533	1.52300603113	1.80361383268	2.02026803502	1.73724642023	1.59343453307	1.96109655642	1.70296250973	1.65101468872	1.56543523346	1.81541803502	1.6472957393	1.6955733463	1.72207116732	2.20032581712	1.84736120623	1.29678262646	1.84144599222	1.63265468872	1.73543780156	1.54416509728	1.59247344358	1.60832214008	1.50838529183	1.66560293774	1.63786525292	2.29380126459	1.37707375486	1.51894136187	1.55454464981	1.66658262646
CG1	1.39432270428	1.20357717899	1.67038190661	1.04343865759	1.88203671206	1.5903548249	1.23373673152	1.45948095331	1.3415459144	1.26343642023	1.50683928016	1.80368480545	1.12464928016	1.50802628405	1.18926947471	1.39438461089	0.867693132296	0.824330428016	0.974604396887	0.849152645914	1.52150470817	1.16519455253	2.73026274319	2.71826054475	2.0038405642	2.44904373541	1.09530196498	0.863835622568	0.0	0.508099027237	0.749228657588	0.621236634241	1.51991525292	1.47734774319	1.29723048638	1.47260064202	1.32478488327	1.44770846304	1.52004542802	1.4824627821	1.55527933852	1.5302781323	1.34572441634	1.45610725681	1.34659068093	1.47170645914	1.51448603113	1.9040388716	1.67100885214	1.44760922179	1.41530809339	1.56181562257	1.54662254864	1.54911838521	1.76346766537	1.47763733463	1.33885398833	1.52602968872	1.60450782101	1.45706610895	1.53285472763	1.88364048638	1.44468044747	1.56061902724	1.95538859922	1.69700083658	1.37488287938	1.88776501946	1.55125373541	1.45482070039	1.6009440856	1.97171354086	1.58938163424	1.54750192607	1.66959542802	2.02553435798	1.61655083658	1.5053466537	1.99183398833	1.36986089494	2.0295392607	1.36280005837	1.42087914397	1.53379605058	1.47989488327	1.59950225681	1.61324075875	2.17386136187	1.57051828794	1.50261745136	1.44377252918	1.65141669261
CG2	1.37278212062	1.20653830739	2.00413389105	1.29833694553	2.13067503891	1.84988762646	1.25640229572	1.43998678988	1.31444548638	1.2820277821	1.75007254864	2.06256472763	1.45365838521	1.8343413035	1.24124702335	1.37417149805	0.917005311284	0.870835486381	0.671239455253	0.557615097276	1.73186848249	1.39586420233	2.9355064786	2.93427914397	2.2573586965	2.6570085214	1.29752990272	1.08903270428	0.508099027237	0.0	0.600076089494	0.656897062257	1.58772595331	1.53405540856	1.37140546693	1.50980317121	1.47546959144	1.51625118677	1.58897036965	1.55684978599	1.61920809339	1.59499210117	1.49635550584	1.52418422179	1.41629215953	1.51896684825	1.55669101167	2.07195459144	1.84138904669	1.56059599222	1.44710840467	1.67821507782	1.67192138132	1.68855103113	1.91123653696	1.61377527237	1.48084464981	1.64363474708	1.73358575875	1.5926344358	1.6755572179	2.04519889105	1.59231799611	1.66423167315	2.11898447471	1.87516235409	1.55606042802	2.04962470817	1.60136404669	1.64632964981	1.67720194553	2.07865291829	1.64119571984	1.72669177043	1.81723632296	2.20278428016	1.72200262646	1.67250505837	2.12533745136	1.54845035019	2.19980961089	1.50790305447	1.59116509728	1.52986682879	1.471282393	1.59005638132	1.59030472763	2.3546555642	1.75774163424	1.48232877432	1.62391758755	1.8302151751
