	CA7	CA8	CB7	CB8	CC7	CC8	CD7	CD8	CE7	CE8	CF7	CF8	CG7	CG8	CH7	CH8	CA1	CA2	CB1	CB2	CC1	CC2	CD1	CD2	CE1	CE2	CF1	CF2	CG1	CG2	CH1	CH2	CA5	CA6	CB5	CB6	CC5	CC6	CD6	CE5	CE6	CF5	CF6	CG5	CG6	CH5	CH6	CA11	CA12	CB11	CB12	CC11	CC12	CD11	CD12	CE11	CE12	CF11	CF12	CG11	CG12	CH11	CH12	CA3	CA4	CB3	CB4	CC4	CD3	CD4	CE4	CF3	CF4	CG3	CG4	CH3	CH4	CA9	CA10	CB9	CB10	CC9	CC10	CD9	CD10	CE9	CE10	CF9	CG9	CG10	CH9	CH10
CA7	0.0	0.63108114786	1.78013772374	1.09530593385	1.90466468872	1.52682743191	0.579507529183	0.342759455253	0.379517412451	0.63872188716	1.62896850195	1.7473140856	1.19295832685	1.74166361868	0.581382120623	0.230320525292	1.88201414397	1.77661964981	1.42996978599	1.41788274319	1.69043431907	1.62798149805	3.0437151751	2.89326420233	2.18153167315	2.60890974708	1.82685171206	1.71189776265	1.49848842412	1.46591877432	1.50231638132	1.65874758755	0.716014727626	0.663146420233	0.748567607004	0.664858540856	0.834077178988	0.758996011673	0.735204669261	0.675099863813	0.805365175097	0.778357898833	0.876767081712	0.644655330739	0.742318093385	0.648825058366	0.725764182879	1.60641194553	1.4960551751	1.1356364786	0.746089883268	1.16814324903	1.22284143969	1.16271070039	1.5275466537	1.3503533463	0.915987937743	1.1862618677	1.27792132296	0.995433054475	1.26153272374	1.63212143969	1.13600758755	1.38369515564	1.91401527237	1.72259058366	1.15887208171	1.72780282101	1.33393338521	1.36167484436	1.54944210117	1.86654566148	1.47222525292	1.45146079767	1.74555377432	2.05794501946	1.36798519455	1.31682519455	1.72327610895	0.99543848249	1.87559968872	0.785135155642	1.03691542802	0.590978346304	0.793313210117	0.580606342412	0.531168968872	2.08245060311	1.37598994163	0.742846848249	1.11735891051	1.4383427821
CA8	0.63108114786	0.0	1.46375089494	0.757621089494	1.49975455253	1.12931671206	0.38537459144	0.565026828794	0.533848171206	0.486284824903	1.24612326848	1.35309815175	0.907518229572	1.39653819066	0.294032023346	0.588145797665	1.38571688716	1.30312881323	1.44636863813	1.33696906615	1.45777044747	1.33472525292	2.6228964786	2.47694920233	1.75844476654	2.17181182879	1.41352305447	1.29564143969	1.15126319066	1.22122455253	1.17146842412	1.25948219844	0.771565058366	0.735015661479	0.892790116732	0.749858365759	0.980677003891	0.82677848249	0.805792821012	0.74465766537	0.864081070039	0.838665972763	1.00670285992	0.711368385214	0.878316478599	0.697950758755	0.796715836576	1.63367889105	1.51052507782	1.13887521401	0.906364571984	1.17461587549	1.23142488327	1.07024208171	1.34921624514	1.16756562257	0.905076284047	1.09875464981	1.30646348249	1.05559953307	1.28116966926	1.60485931907	1.185862393	1.41873747082	1.89024486381	1.68020585603	1.17441163424	1.7194222179	1.35759756809	1.3602540856	1.39496515564	1.77693031128	1.39780180934	1.37562011673	1.6420386965	2.02146776265	1.44735910506	1.13480229572	1.66407503891	0.991245350195	1.6458238716	0.777327315175	1.01921501946	0.744405875486	0.714356536965	0.792904027237	0.754213774319	2.11323171206	1.16517175097	0.857012821012	1.14686963035	1.35959972763
CB7	1.78013772374	1.46375089494	0.0	1.02090696498	0.97847540856	0.945090603113	1.61369824903	1.79024472763	1.76050501946	1.549482607	0.949217626459	0.92288422179	0.869789980545	0.337656867704	1.56335642023	1.80591116732	1.70412914397	1.71169126459	2.34313560311	2.24767653696	1.21529698444	1.24825011673	2.12667873541	1.92738667315	1.17223285992	1.55732338521	1.49905714008	1.55346505837	1.57433653696	1.9294729572	1.90970476654	1.64610433852	1.90214233463	1.92963729572	1.56312723735	1.87734501946	1.53656564202	1.83099175097	1.88424601167	1.8934388716	1.8398609144	1.86089803502	1.44278904669	1.90960461089	1.59514729572	1.89305511673	1.96231210117	1.50338071984	1.3744820428	1.67805284047	1.82875585603	1.54716501946	1.48196714008	1.45358071984	1.37993044747	1.39434110895	1.41961247082	1.46474756809	1.51402363813	1.73480688716	1.59050391051	1.46403157588	1.56289593385	1.64322645914	1.5109370428	1.61060570039	1.29016673152	1.39572439689	1.67457188716	1.30787782101	1.61962126459	1.79790463035	1.64927966926	1.21126361868	1.60647597276	1.62741593385	1.70194498054	1.61986357977	1.71298515564	1.63393048638	1.5301598249	1.65195136187	1.38822957198	1.91176988327	1.79658801556	2.00037157588	1.95044093385	1.89171400778	1.6030485214	2.00299317121	1.57642550584	1.42652256809
CB8	1.09530593385	0.757621089494	1.02090696498	0.0	1.2624692607	0.922529163424	0.909136575875	1.09521033074	1.07769474708	0.857938054475	1.03509124514	1.13185593385	0.419435700389	0.907438307393	0.85277381323	1.07475906615	1.27019789883	1.18604472763	1.73072607004	1.65448610895	1.2284879572	1.15624575875	2.39086694553	2.22916749027	1.54223733463	1.93968618677	1.22793507782	1.23094171206	0.952556108949	1.31201159533	1.41395577821	1.14679254864	1.18375299611	1.19335507782	0.984634435798	1.16159622568	1.02730560311	1.13869066148	1.16873558366	1.18569941634	1.15437110895	1.16566892996	1.05987270428	1.17854445525	0.999622431907	1.16141437743	1.2104240856	1.62775675097	1.45261134241	1.12740680934	1.19689511673	1.16872163424	1.22803826848	1.12886219844	1.34340153696	1.16889126459	0.910990642023	1.09498733463	1.29204488327	1.15580972763	1.27541169261	1.60066577821	1.13870437743	1.45928198444	1.80805560311	1.61828126459	1.18733225681	1.63881688716	1.40387013619	1.2786759144	1.43376480545	1.78350972763	1.45901865759	1.28695035019	1.60274780156	1.9545398249	1.47807964981	1.1031570428	1.7018757393	1.11100780156	1.55082678988	1.04597424125	1.02496723735	1.17289929961	1.11387626459	1.27393044747	1.23324661479	2.10588252918	1.14542836576	1.29182931907	1.15468406615	1.33937758755
CC7	1.90466468872	1.49975455253	0.97847540856	1.2624692607	0.0	0.676690330739	1.59745603113	1.88876184825	1.85133560311	1.61413984436	0.574475291829	0.431539241245	1.33503359922	1.0157464786	1.52983649805	1.88725677043	1.50607182879	1.57190484436	2.34562365759	2.22530649805	1.45292896887	1.30086268482	1.48052966926	1.2840198249	0.616673287938	0.929190661479	1.30826075875	1.42118498054	1.77729400778	2.04225509728	1.83799924125	1.5800783463	1.87355284047	1.91199896887	1.92954832685	1.88301416342	1.8613536965	1.85602976654	1.85703468872	1.89311163424	1.8118805642	1.83772476654	1.8834005642	1.91291153696	1.96295270428	1.87971153696	1.90619299611	1.79369052529	1.82730826848	1.85358136187	1.86709087549	1.74674533074	1.68594885214	1.55321815175	1.45242095331	1.48691036965	1.6283409144	1.66869274319	1.75007060311	1.80353350195	1.75605064202	1.73675231518	1.86170725681	1.87766688716	2.11343338521	1.84818710117	1.66022202335	1.99910758755	1.83537966926	1.67688303502	1.74153021401	1.87557050584	1.77784675097	1.66916949416	1.83560846304	2.23198305447	1.90557933852	1.54792525292	1.78136134241	1.88114854086	1.42591593385	1.91969252918	1.86503836576	1.87129120623	1.72171237354	1.98467422179	1.93614365759	2.28073828794	1.54960155642	1.86506231518	1.8992335214	1.82037579767
CC8	1.52682743191	1.12931671206	0.945090603113	0.922529163424	0.676690330739	0.0	1.24853262646	1.54189346304	1.45020445525	1.24770496109	0.42819114786	0.541212451362	0.959573774319	0.892375875486	1.1529398249	1.53546247082	1.26198036965	1.31288579767	2.09542410506	1.97419885214	1.2767592607	1.02581974708	1.86938875486	1.69632058366	0.948550272374	1.34788266537	1.13390840467	1.16540107004	1.47246492218	1.78970970817	1.58543081712	1.3151707393	1.58190807393	1.60709712062	1.59870496109	1.56816383268	1.52151410506	1.54290655642	1.56379898833	1.58264184825	1.51398276265	1.54630972763	1.5461563035	1.59866867704	1.62111194553	1.56553455253	1.61592461089	1.63543233463	1.51769280156	1.50934472763	1.52205046693	1.37022889105	1.30876307393	1.16616346304	1.21997311284	1.12439622568	1.2328022179	1.3028963035	1.39196688716	1.43932597276	1.36975361868	1.59121770428	1.52143571984	1.72689161479	1.94221694553	1.68271284047	1.41396247082	1.81212445525	1.67181268482	1.44953398833	1.54380206226	1.72961305447	1.57498365759	1.45041889105	1.66474941634	2.07663840467	1.77878332685	1.14082079767	1.6784451751	1.46208486381	1.21389330739	1.54117356031	1.46609616732	1.44391414397	1.33644184825	1.57781996109	1.51062317121	2.23658655642	1.12369079767	1.45892918288	1.48801910506	1.43030317121
CD7	0.579507529183	0.38537459144	1.61369824903	0.909136575875	1.59745603113	1.24853262646	0.0	0.520173521401	0.45513155642	0.374053929961	1.36212879377	1.46586126459	1.04934013619	1.54483476654	0.369538832685	0.561654280156	1.54382525292	1.43408445525	1.40473019455	1.29909042802	1.55552764591	1.46483478599	2.72813830739	2.57895523346	1.87672636187	2.27127389105	1.51846632296	1.41559272374	1.27930929961	1.27230256809	1.24026768482	1.39426737354	0.800416809339	0.754690603113	0.960724357977	0.774844980545	1.05722175097	0.86407381323	0.832540097276	0.765226264591	0.885026673152	0.859868424125	1.08682231518	0.744351536965	0.95582651751	0.724162470817	0.818221089494	1.68725157588	1.56084531128	1.17495439689	0.862981731518	1.2094681323	1.275122393	1.12554398833	1.40218480545	1.22209219844	0.978083754864	1.13524005837	1.34818422179	1.07969392996	1.31745044747	1.65201889105	1.22857406615	1.50071533074	2.00577875486	1.78567359922	1.29876120623	1.83001719844	1.46180776265	1.46474159533	1.51071492218	1.8580648249	1.50848068093	1.4861822179	1.75141301556	2.14277822957	1.51267159533	1.15449404669	1.74484122568	1.04204293774	1.69398998054	0.808975758755	1.05850198444	0.618650661479	0.573465642023	0.675515972763	0.624070077821	2.16838299611	1.18973346304	0.780199941634	1.19409745136	1.4553729572
CD8	0.342759455253	0.565026828794	1.79024472763	1.09521033074	1.88876184825	1.54189346304	0.520173521401	0.0	0.28653114786	0.609973521401	1.65402231518	1.7590377821	1.21875455253	1.72677101167	0.580001536965	0.313035116732	1.79651418288	1.71486657588	1.39201149805	1.3947098249	1.7193251751	1.64179040856	3.02072338521	2.87797490272	2.13692684825	2.56808822957	1.8028111284	1.68943861868	1.43813947471	1.40123620623	1.47010536965	1.63253840467	0.732673560311	0.685066770428	0.791817918288	0.66387040856	0.882946789883	0.764976595331	0.746664474708	0.667119513619	0.812813618677	0.786085680934	0.900165525292	0.65553155642	0.769654202335	0.647481128405	0.758486322957	1.65587206226	1.55057610895	1.17571099222	0.856198015564	1.21500671206	1.25404233463	1.15348322957	1.50372501946	1.32330789883	0.951016692607	1.20492412451	1.33772284047	1.05732659533	1.34440875486	1.66500159533	1.20990521401	1.38397737354	1.92279928016	1.70636766537	1.17966916342	1.75704963035	1.32432175097	1.3851668677	1.53182972763	1.85269838521	1.45054673152	1.44668274319	1.72013011673	2.06660124514	1.36469075875	1.33424947471	1.74768011673	1.0359170428	1.88248490272	0.776318190661	1.02870492218	0.60695577821	0.75423963035	0.633479961089	0.597664533074	2.10621309339	1.37381581712	0.770718754864	1.20156692607	1.49643464981
CE7	0.379517412451	0.533848171206	1.76050501946	1.07769474708	1.85133560311	1.45020445525	0.45513155642	0.28653114786	0.0	0.519017431907	1.58730042802	1.70661208171	1.21262787938	1.70291912451	0.484782762646	0.379873891051	1.76800933852	1.66435527237	1.41265108949	1.37896848249	1.6451679572	1.58158579767	3.00152005837	2.85838791829	2.09327383268	2.53670610895	1.74949928016	1.62472525292	1.43340844358	1.43046871595	1.40191184825	1.5873764786	0.748998599222	0.700574377432	0.850128560311	0.684218093385	0.936965642023	0.783959688716	0.769312937743	0.69317618677	0.835377607004	0.808035389105	0.962898151751	0.682912626459	0.830918735409	0.678523132296	0.780405836576	1.62543784047	1.52566538911	1.14932311284	0.831416206226	1.15795540856	1.21660289883	1.10764422179	1.42405118677	1.25888394942	0.938670642023	1.13073542802	1.30656799611	1.02993505837	1.27606651751	1.61671542802	1.19457970817	1.40031649805	1.91921307393	1.692542393	1.2007144358	1.76747	1.32834079767	1.37400964981	1.47819285992	1.77086922179	1.40008060311	1.39494058366	1.66473605058	2.06879383268	1.40537501946	1.21968642023	1.6709338716	1.00732799611	1.77486538911	0.742551284047	0.971812101167	0.541113190661	0.624466264591	0.608849474708	0.57796692607	2.12819649805	1.26840712062	0.700283793774	1.17102324903	1.41464544747
CE8	0.63872188716	0.486284824903	1.549482607	0.857938054475	1.61413984436	1.24770496109	0.374053929961	0.609973521401	0.519017431907	0.0	1.34535988327	1.47449422179	0.978184416342	1.5121627821	0.543702217899	0.636640272374	1.5760388716	1.4766494358	1.50726568093	1.39256708171	1.57928741245	1.48403929961	2.75137939689	2.61808601167	1.89158640078	2.30097747082	1.56687585603	1.49190198444	1.27334910506	1.27353326848	1.35388916342	1.40214581712	0.895419143969	0.854442470817	1.00308085603	0.892747159533	1.08740163424	0.930969610895	0.912552159533	0.891152684825	0.98240811284	0.959810758755	1.12073616732	0.857614416342	0.997215350195	0.840652042802	0.906682451362	1.74596589494	1.59765931907	1.20415373541	0.88159733463	1.24971715953	1.31984099222	1.18973643969	1.47997577821	1.29443819066	1.03633542802	1.16176441634	1.38963406615	1.09160653696	1.31965632296	1.70572772374	1.24019931907	1.55069206226	2.0540522179	1.83787885214	1.31680124514	1.88960093385	1.48071476654	1.49556132296	1.55652071984	1.88863167315	1.55331655642	1.52114618677	1.80139608949	2.18999227626	1.56822042802	1.15392747082	1.79554978599	1.03536138132	1.69535671206	0.834781673152	1.06900564202	0.662131478599	0.635121439689	0.734501498054	0.693851984436	2.2175366537	1.18170272374	0.862946167315	1.19935896887	1.46977945525
CF7	1.62896850195	1.24612326848	0.949217626459	1.03509124514	0.574475291829	0.42819114786	1.36212879377	1.65402231518	1.58730042802	1.34535988327	0.0	0.423653015564	1.05814519455	0.911386284047	1.2655555642	1.64671128405	1.31917595331	1.3638283463	2.16722050584	2.05204801556	1.29631889105	1.04648957198	1.83454379377	1.63940410506	0.867502198444	1.26085902724	1.08851519455	1.17676618677	1.58414988327	1.86376194553	1.61655328794	1.36544947471	1.66924214008	1.69717044747	1.71442474708	1.67863723735	1.63217941634	1.63384357977	1.65477857977	1.68549377432	1.60354523346	1.63827293774	1.6609094358	1.70108787938	1.73235566148	1.67484075875	1.6979388716	1.59816285992	1.55323398833	1.5791255642	1.57183317121	1.46991540856	1.38418173152	1.25901729572	1.23819285992	1.19163998054	1.32191453307	1.38189285992	1.48087581712	1.48784568093	1.41562900778	1.56242655642	1.5905157393	1.76181879377	1.97893085603	1.6939557393	1.4471518677	1.84722003891	1.70879601167	1.48710859922	1.59203830739	1.71514809339	1.63127068093	1.50765307393	1.67701254864	2.1005594358	1.80356583658	1.20247933852	1.65060523346	1.58728896887	1.24424394942	1.67641560311	1.59584264591	1.53791346304	1.44565237354	1.7045738716	1.60971210117	2.25627003891	1.1951259144	1.56452410506	1.57485698444	1.52887322957
CF8	1.7473140856	1.35309815175	0.92288422179	1.13185593385	0.431539241245	0.541212451362	1.46586126459	1.7590377821	1.70661208171	1.47449422179	0.423653015564	0.0	1.18524863813	0.929325836576	1.38509254864	1.77105803502	1.43239149805	1.48371922179	2.24822605058	2.12961873541	1.38379171206	1.16303885214	1.64269968872	1.45735575875	0.695675564202	1.06710075875	1.19112824903	1.25702375486	1.68357445525	1.94793223735	1.71970793774	1.46707459144	1.75339628405	1.78171361868	1.81146068093	1.76283807393	1.73572659533	1.7180042607	1.73931782101	1.77477538911	1.68864863813	1.71816801556	1.74967599222	1.78281758755	1.82324789883	1.75981731518	1.78352542802	1.66788529183	1.65229116732	1.67006682879	1.69303494163	1.57338527237	1.4851370428	1.38631653696	1.28291116732	1.31097560311	1.44186011673	1.48984902724	1.57174124514	1.63023885214	1.56320428016	1.61536322957	1.66716568093	1.84087488327	2.07510667315	1.76849953307	1.54096791829	1.94592060311	1.80613315175	1.61711694553	1.68467645914	1.77432702335	1.73594696498	1.63760297665	1.77796198444	2.19599700389	1.87008920233	1.40455169261	1.70316389105	1.74473700389	1.31048809339	1.80782289883	1.74603986381	1.74193040856	1.60214192607	1.84031879377	1.7853379572	2.2874483463	1.39300990272	1.74658	1.78113552529	1.71880990272
CG7	1.19295832685	0.907518229572	0.869789980545	0.419435700389	1.33503359922	0.959573774319	1.04934013619	1.21875455253	1.21262787938	0.978184416342	1.05814519455	1.18524863813	0.0	0.798065758755	1.01181791829	1.18611371595	1.3699190856	1.3448533463	1.85309811284	1.75206243191	1.17202140078	1.19074103113	2.45295949416	2.27655750973	1.5873188716	1.98730990272	1.29501692607	1.31721309339	1.08387896887	1.45023714008	1.52404276265	1.30589996109	1.3269968677	1.33750564202	0.984720291829	1.31035099222	1.04186951362	1.25161881323	1.30538435798	1.33318110895	1.2657055642	1.2829170428	1.00135268482	1.32957287938	1.04348439689	1.30192723735	1.36045013619	1.50539587549	1.33463614786	1.16754406615	1.27451206226	1.11955402724	1.17892642023	1.11400832685	1.32559439689	1.16261840467	0.954610428016	1.02662513619	1.21878618677	1.21169363813	1.19332863813	1.48997828794	1.09250645914	1.43773437743	1.64018040856	1.59296548638	1.06406177043	1.46726815175	1.46955159533	1.1248020428	1.47170645914	1.79371379377	1.4894814786	1.13969219844	1.57879470817	1.78693680934	1.49335029183	1.06602651751	1.67616544747	1.04826712062	1.50798140078	1.13530262646	0.988877762646	1.27868138132	1.21951359922	1.37828964981	1.33067597276	1.99414865759	1.10451457198	1.3803022179	1.08593365759	1.20000889105
CG8	1.74166361868	1.39653819066	0.337656867704	0.907438307393	1.0157464786	0.892375875486	1.54483476654	1.72677101167	1.70291912451	1.5121627821	0.911386284047	0.929325836576	0.798065758755	0.0	1.49120916342	1.75588799611	1.6696842607	1.64944673152	2.25943169261	2.18198161479	1.14479237354	1.17203538911	2.1476233463	1.94340536965	1.20192101167	1.61745764591	1.48164723735	1.49440966926	1.48955270428	1.84018134241	1.86453809339	1.58204957198	1.84352589494	1.86471801556	1.49063321012	1.80993896887	1.46056900778	1.76567068093	1.82100968872	1.82862947471	1.7812907393	1.79944797665	1.38185412451	1.84009175097	1.52972937743	1.82070015564	1.89225671206	1.42949377432	1.2931588716	1.59164013619	1.74929618677	1.449715	1.42185988327	1.3751763035	1.29021031128	1.30619392996	1.3724729572	1.38533544747	1.41991291829	1.64914180934	1.51677789883	1.41929171206	1.48116501946	1.57876531128	1.44456180934	1.55142038911	1.20771071984	1.33923009728	1.62981256809	1.2302164786	1.57598116732	1.77270663424	1.59621428016	1.13390787938	1.55125673152	1.56285922179	1.64859243191	1.52162861868	1.66511400778	1.53710214008	1.49345976654	1.56118480545	1.31434756809	1.83639122568	1.71681223735	1.93793377432	1.88068476654	1.82327597276	1.51612079767	1.90071159533	1.4658736965	1.35016009728
CH7	0.581382120623	0.294032023346	1.56335642023	0.85277381323	1.52983649805	1.1529398249	0.369538832685	0.580001536965	0.484782762646	0.543702217899	1.2655555642	1.38509254864	1.01181791829	1.49120916342	0.0	0.563747276265	1.46628357977	1.34754601167	1.47407361868	1.3716170428	1.50194052529	1.38484661479	2.67517068093	2.52557655642	1.81201589494	2.22980922179	1.43890550584	1.31818291829	1.24155564202	1.30039062257	1.1778861284	1.32015375486	0.77644618677	0.737342548638	0.932102762646	0.737842607004	1.0219955642	0.842468404669	0.805190680934	0.737574435798	0.865745700389	0.843428501946	1.06126095331	0.721236867704	0.930918385214	0.713999435798	0.794611595331	1.64309717899	1.53795861868	1.16951634241	0.893033638132	1.18416373541	1.2366872179	1.07012021401	1.36239441634	1.19344219844	0.903049396887	1.11973461089	1.33898177043	1.06919848249	1.28335223735	1.61070480545	1.20605321012	1.45356284047	1.9186836965	1.70684803502	1.21371700389	1.75585836576	1.41209250973	1.36980618677	1.42976811284	1.78525486381	1.42477667315	1.38494003891	1.67278963035	2.06949694553	1.49655455253	1.12235439689	1.67940445525	1.01936398833	1.63671414397	0.810126031128	1.02842023346	0.693053891051	0.663655097276	0.762592587549	0.697197003891	2.17311933852	1.16472272374	0.78792881323	1.16448542802	1.36369809339
CH8	0.230320525292	0.588145797665	1.80591116732	1.07475906615	1.88725677043	1.53546247082	0.561654280156	0.313035116732	0.379873891051	0.636640272374	1.64671128405	1.77105803502	1.18611371595	1.75588799611	0.563747276265	0.0	1.85603217899	1.74873301556	1.42063404669	1.41603805447	1.72183464981	1.64365190661	3.05114605058	2.90261188716	2.18352122568	2.60756198444	1.82218920233	1.71002400778	1.47147287938	1.44490108949	1.51486542802	1.66813029183	0.687564941634	0.648614571984	0.736570505837	0.63834614786	0.818763735409	0.737001400778	0.712293910506	0.649584357977	0.78322651751	0.759137607004	0.865589513619	0.621453832685	0.734785272374	0.619868968872	0.704834902724	1.61015398833	1.49855083658	1.13934011673	0.753802159533	1.18665241245	1.23135784047	1.16537819066	1.53329931907	1.34682391051	0.929964105058	1.20504270428	1.30449001946	1.00985284047	1.32586974708	1.64948877432	1.13938710117	1.36514505837	1.90567420233	1.71848768482	1.15029455253	1.72640894942	1.3256116537	1.34886696498	1.55367122568	1.87830715953	1.47817904669	1.43791879377	1.74924293774	2.04575044747	1.34918568093	1.3227659144	1.72981496109	1.01568959144	1.87602515564	0.787295486381	1.07096708171	0.583708871595	0.776410622568	0.540179513619	0.518110233463	2.08860513619	1.38431875486	0.730584610895	1.13065959144	1.47100898833
CA1	1.88201414397	1.38571688716	1.70412914397	1.27019789883	1.50607182879	1.26198036965	1.54382525292	1.79651418288	1.76800933852	1.5760388716	1.31917595331	1.43239149805	1.3699190856	1.6696842607	1.46628357977	1.85603217899	0.0	0.334199319066	1.19430603113	1.0563685214	1.69788391051	1.22565085603	2.33019663424	2.13490375486	1.50992122568	1.86477789883	0.636136050584	0.681013307393	0.778382062257	0.915526692607	0.807920058366	0.545461264591	1.73216669261	1.7626701751	1.78918762646	1.71670568093	1.78923237354	1.68434832685	1.70994830739	1.71601171206	1.66025060311	1.69107585603	1.81011282101	1.7467986965	1.79556005837	1.72255772374	1.77957007782	2.18231266537	2.06851581712	1.82789750973	1.898697607	1.82632688716	1.82704033074	1.64125336576	1.80535196498	1.66917632296	1.63552550584	1.74827484436	1.918492393	1.81931906615	1.88121838521	2.14799803502	1.852895	1.92636303502	2.21219007782	2.04596928016	1.83412085603	2.05150322957	1.84044854086	1.8419540856	1.78318394942	2.09061867704	1.82750768482	1.81246692607	2.00615593385	2.34104994163	1.94949754864	1.53454992218	2.19587675097	1.76606367704	1.8815220428	1.85664575875	1.79775840467	1.78357171206	1.65744836576	1.85157033074	1.85949785992	2.61429770428	1.5421859144	1.77646068093	1.79516655642	1.83676533074
CA2	1.77661964981	1.30312881323	1.71169126459	1.18604472763	1.57190484436	1.31288579767	1.43408445525	1.71486657588	1.66435527237	1.4766494358	1.3638283463	1.48371922179	1.3448533463	1.64944673152	1.34754601167	1.74873301556	0.334199319066	0.0	1.09297854086	0.960992198444	1.67142463035	1.19244624514	2.41736579767	2.21872599222	1.56413645914	1.92313266537	0.62394770428	0.632092276265	0.695989163424	0.805302782101	0.675632879377	0.384760038911	1.67799710117	1.70650614786	1.74945671206	1.66154651751	1.76872675097	1.64374317121	1.65425914397	1.65997391051	1.62724891051	1.65082210117	1.78924494163	1.69196980545	1.75256264591	1.66792412451	1.72282064202	2.13985817121	2.02205046693	1.73592371595	1.78408105058	1.77462663424	1.77582163424	1.61338322957	1.79087459144	1.65288774319	1.54422217899	1.69234202335	1.86915210117	1.70202044747	1.82363692607	2.10151750973	1.7489755642	1.885062393	2.19517429961	2.02666490272	1.79289173152	2.03457791829	1.80950031128	1.77500099222	1.75005688716	2.06593511673	1.76948789883	1.76656243191	1.99518093385	2.35716097276	1.90899986381	1.48401052529	2.13854595331	1.67219326848	1.86541233463	1.74297651751	1.69149939689	1.67208741245	1.54831192607	1.78325824903	1.75046791829	2.60820414397	1.50820655642	1.69232272374	1.70059027237	1.82158511673
CB1	1.42996978599	1.44636863813	2.34313560311	1.73072607004	2.34562365759	2.09542410506	1.40473019455	1.39201149805	1.41265108949	1.50726568093	2.16722050584	2.24822605058	1.85309811284	2.25943169261	1.47407361868	1.42063404669	1.19430603113	1.09297854086	0.0	0.317495252918	2.17056667315	1.79297645914	3.1141598249	2.92394733463	2.3110764786	2.71154019455	1.40909379377	1.38896564202	1.02988832685	0.647556381323	0.825606984436	1.04908219844	1.65131077821	1.63217597276	1.69385451362	1.63066299611	1.71382649805	1.65594645914	1.66019978599	1.62098922179	1.68936188716	1.68464134241	1.73288531128	1.60478021401	1.68303441634	1.59129706226	1.67681922179	2.33514398833	2.25010830739	1.88436875486	1.61363336576	1.98095871595	2.01347811284	1.91573235409	2.1568138716	2.00206542802	1.79093741245	1.94851601167	2.0730094358	1.79903505837	2.05964348249	2.32202838521	1.92584398833	1.89220661479	2.40331805447	2.24652601167	1.88695910506	2.22499607004	1.84360402724	2.01098062257	1.97771332685	2.33011560311	1.93839538911	2.04806610895	2.23496974708	2.53378029183	1.86305645914	1.9944914786	2.36181535019	1.82720383268	2.45583410506	1.68742498054	1.88867159533	1.52215513619	1.57462696498	1.61339464981	1.58041007782	2.77614774319	2.03829719844	1.56814138132	1.96791472763	2.14882653696
CB2	1.41788274319	1.33696906615	2.24767653696	1.65448610895	2.22530649805	1.97419885214	1.29909042802	1.3947098249	1.37896848249	1.39256708171	2.05204801556	2.12961873541	1.75206243191	2.18198161479	1.3716170428	1.41603805447	1.0563685214	0.960992198444	0.317495252918	0.0	2.07455013619	1.71214093385	3.00989033074	2.81456394942	2.19268282101	2.5761114786	1.26859994163	1.24099307393	0.917969066148	0.593455097276	0.730388501946	0.930014766537	1.63170120623	1.60780585603	1.69715420233	1.61208599222	1.71550501946	1.63480618677	1.63873044747	1.59917307393	1.66852188716	1.6626464786	1.73508441634	1.58216157588	1.68919912451	1.57361157588	1.65603268482	2.32534457198	2.24668799611	1.87397237354	1.60191698444	1.96898902724	2.0045964786	1.93412811284	2.12033138132	1.96963227626	1.81394822957	1.89861951362	2.05936966926	1.78633400778	2.03791153696	2.3148868677	1.91952461089	1.91506836576	2.43107513619	2.25454223735	1.87283509728	2.2408388716	1.8397990856	2.00076210117	1.93833250973	2.25882840467	1.92097745136	2.029587393	2.21963581712	2.5730505642	1.88836136187	1.91298622568	2.34911900778	1.82464215953	2.37509336576	1.67287883268	1.86641992218	1.50788548638	1.49676595331	1.59478939689	1.56526945525	2.77081645914	1.9535348249	1.54578317121	1.96983955253	2.10412404669
CC1	1.69043431907	1.45777044747	1.21529698444	1.2284879572	1.45292896887	1.2767592607	1.55552764591	1.7193251751	1.6451679572	1.57928741245	1.29631889105	1.38379171206	1.17202140078	1.14479237354	1.50194052529	1.72183464981	1.69788391051	1.67142463035	2.17056667315	2.07455013619	0.0	0.745037451362	2.52183233463	2.32680451362	1.56567848249	1.99038138132	1.54935031128	1.42761562257	1.51973589494	1.79377134241	1.76143638132	1.63724019455	1.77784714008	1.79483785992	1.51061620623	1.75183535019	1.4446020428	1.70879472763	1.76447575875	1.78008752918	1.69541680934	1.73384233463	1.4366792607	1.77864194553	1.52307875486	1.75025322957	1.80927838521	1.25586303502	1.26169435798	1.34933830739	1.58815774319	1.27650099222	1.13934789883	1.15142587549	0.985818171206	1.05451723735	1.26755653696	1.24042688716	1.2739040856	1.39793305447	1.2667751751	1.17509330739	1.3696070428	1.37854449416	1.5126061284	1.10861116732	1.07303527237	1.35677480545	1.37289766537	1.01501021401	1.18772280156	1.30474153696	1.23323509728	0.998185933852	1.09229381323	1.6356136965	1.43888461089	1.16005928016	1.25150291829	1.39357190661	1.15093342412	1.5073720428	1.38602254864	1.72326904669	1.53858282101	1.81620011673	1.75692134241	1.90710585603	1.09758083658	1.6492033463	1.42527105058	1.34955247082
CC2	1.62798149805	1.33472525292	1.24825011673	1.15624575875	1.30086268482	1.02581974708	1.46483478599	1.64179040856	1.58158579767	1.48403929961	1.04648957198	1.16303885214	1.19074103113	1.17203538911	1.38484661479	1.64365190661	1.22565085603	1.19244624514	1.79297645914	1.71214093385	0.745037451362	0.0	2.32638511673	2.11839601167	1.28358001946	1.74930307393	1.06178149805	0.910096848249	1.24055280156	1.45711898833	1.36778807393	1.14649503891	1.747787393	1.76948955253	1.58319136187	1.70807657588	1.51792350195	1.67844474708	1.72014889105	1.73323774319	1.66634134241	1.70334087549	1.52733566148	1.73153799611	1.60926348249	1.72543099222	1.77306762646	1.40257904669	1.3719120428	1.41509856031	1.56159328794	1.33449178988	1.21262978599	1.11910970817	1.02405838521	1.06501963035	1.23612036965	1.26835756809	1.34157071984	1.38864657588	1.3373916537	1.32184196498	1.43117822957	1.54025708171	1.7401940856	1.37002258755	1.28762649805	1.56949291829	1.49650215953	1.25504828794	1.25793947471	1.35635513619	1.30890048638	1.23420256809	1.33367854086	1.85437593385	1.58905638132	1.15497910506	1.41584974708	1.47828651751	1.24456083658	1.57680264591	1.50475902724	1.65338412451	1.47954894942	1.75421970817	1.69849610895	2.14223420233	1.14851603113	1.61253581712	1.52607912451	1.44892280156
CD1	3.0437151751	2.6228964786	2.12667873541	2.39086694553	1.48052966926	1.86938875486	2.72813830739	3.02072338521	3.00152005837	2.75137939689	1.83454379377	1.64269968872	2.45295949416	2.1476233463	2.67517068093	3.05114605058	2.33019663424	2.41736579767	3.1141598249	3.00989033074	2.52183233463	2.32638511673	0.0	0.435573229572	1.39941210117	0.839146750973	2.25011120623	2.4030898249	2.68712274319	2.90489857977	2.7855977821	2.49574042802	2.934715	2.96982941634	2.9955901751	2.92496476654	2.91328916342	2.88950523346	2.91328077821	2.92807694553	2.86887513619	2.88972066148	2.91403249027	2.95238338521	2.9919011284	2.9349963035	2.97598585603	3.01450194553	3.05578642023	3.07325492218	3.12926844358	2.98915826848	2.92325544747	2.80333058366	2.69170361868	2.73408540856	2.883147393	2.9141411284	2.97667463035	3.04308939689	3.00438093385	2.96377381323	3.10231836576	2.40031266537	2.66392889105	2.55616719844	2.78558289883	2.56012523346	2.37520513619	2.68958846304	2.323617393	2.55829429961	2.35581521401	2.65374749027	2.54116042802	2.75442190661	2.40287383268	2.73392356031	2.95120996109	3.06931420233	2.47534568093	3.06448523346	3.02137449416	3.04532359922	2.94797492218	3.16780245136	3.1320405642	3.26899301556	2.72303846304	3.08731836576	3.08665937743	2.98510900778
CD2	2.89326420233	2.47694920233	1.92738667315	2.22916749027	1.2840198249	1.69632058366	2.57895523346	2.87797490272	2.85838791829	2.61808601167	1.63940410506	1.45735575875	2.27655750973	1.94340536965	2.52557655642	2.90261188716	2.13490375486	2.21872599222	2.92394733463	2.81456394942	2.32680451362	2.11839601167	0.435573229572	0.0	1.15288653696	0.627165233463	2.01811564202	2.17339799611	2.49608671206	2.71335110895	2.55437108949	2.28399774319	2.79909321012	2.83053155642	2.85724247082	2.78781865759	2.77799464981	2.75369554475	2.77769501946	2.79111492218	2.73335972763	2.75921097276	2.77839809339	2.81653070039	2.85719677043	2.79686649805	2.84530776265	2.81639774319	2.86528373541	2.87940640078	2.93181167315	2.79862040856	2.73740844358	2.60931560311	2.49819451362	2.54436599222	2.68905420233	2.72333354086	2.78234108949	2.85089667315	2.80980315175	2.77503906615	2.90379848249	2.28009970817	2.5258535214	2.37686649805	2.64530445525	2.4176979572	2.25302548638	2.53158706226	2.19775229572	2.38404990272	2.23871501946	2.50382052529	2.36073762646	2.61578357977	2.28778324903	2.58177328794	2.75930140078	2.90694533074	2.32877754864	2.88978468872	2.85174013619	2.89533223735	2.79130468872	3.0042011284	2.969767607	3.11665916342	2.56922437743	2.92777533074	2.93027735409	2.83572928016
CE1	2.18153167315	1.75844476654	1.17223285992	1.54223733463	0.616673287938	0.948550272374	1.87672636187	2.13692684825	2.09327383268	1.89158640078	0.867502198444	0.695675564202	1.5873188716	1.20192101167	1.81201589494	2.18352122568	1.50992122568	1.56413645914	2.3110764786	2.19268282101	1.56567848249	1.28358001946	1.39941210117	1.15288653696	0.0	0.733721342412	1.28471626459	1.33377247082	1.74247219844	2.00694496109	1.79778782101	1.55825081712	2.16294001946	2.19564583658	2.18067468872	2.13775593385	2.10712970817	2.11118468872	2.14033470817	2.13896309339	2.09077669261	2.12357649805	2.09805256809	2.17277245136	2.17504922179	2.14709490272	2.20997566148	1.90019785992	1.94170280156	1.9779238716	2.08533225681	1.85146546693	1.7970051751	1.72143856031	1.56957015564	1.60909011673	1.79754801556	1.78639575875	1.83992178988	1.93375138132	1.87870692607	1.85167373541	2.00125233463	1.94826480545	2.17682570039	1.85556280156	1.91592114786	2.04750013619	1.9301577821	1.83325616732	1.7887477821	1.80452254864	1.82281466926	1.82231052529	1.85060634241	2.28689996109	1.98005075875	1.79042768482	1.86420054475	2.15437918288	1.66503081712	2.11730103113	2.06681180934	2.16458180934	2.02572939689	2.28541735409	2.22694659533	2.46983114786	1.78426857977	2.16798821012	2.17057719844	2.11066087549
CE2	2.60890974708	2.17181182879	1.55732338521	1.93968618677	0.929190661479	1.34788266537	2.27127389105	2.56808822957	2.53670610895	2.30097747082	1.26085902724	1.06710075875	1.98730990272	1.61745764591	2.22980922179	2.60756198444	1.86477789883	1.92313266537	2.71154019455	2.5761114786	1.99038138132	1.74930307393	0.839146750973	0.627165233463	0.733721342412	0.0	1.66049223735	1.77155214008	2.19448206226	2.41835494163	2.19655406615	1.93626974708	2.53343439689	2.57323402724	2.59581575875	2.52505560311	2.5180648249	2.4983351751	2.51842177043	2.52629342412	2.46649266537	2.494042393	2.51882939689	2.56271496109	2.59695951362	2.53424846304	2.57972789883	2.40915208171	2.44802912451	2.47231984436	2.52727079767	2.37997299611	2.31921083658	2.18537912451	2.07971429961	2.12275885214	2.27624935798	2.30303099222	2.37070040856	2.4336440856	2.39748126459	2.35989655642	2.48300293774	2.17834470817	2.40031210117	2.11975406615	2.33692233463	2.28115291829	2.14533180934	2.19899587549	2.03311822957	2.12953350195	2.0556461284	2.16662649805	2.11434538911	2.52384422179	2.20837564202	2.22450439689	2.35112756809	2.56169001946	1.96405437743	2.55742085603	2.51215046693	2.57356210117	2.42993303502	2.68299527237	2.63479743191	2.82909198444	2.21046805447	2.57194507782	2.59781710117	2.49623357977
CF1	1.82685171206	1.41352305447	1.49905714008	1.22793507782	1.30826075875	1.13390840467	1.51846632296	1.8028111284	1.74949928016	1.56687585603	1.08851519455	1.19112824903	1.29501692607	1.48164723735	1.43890550584	1.82218920233	0.636136050584	0.62394770428	1.40909379377	1.26859994163	1.54935031128	1.06178149805	2.25011120623	2.01811564202	1.28471626459	1.66049223735	0.0	0.468286050584	0.918680097276	1.12079955253	0.873304747082	0.610318832685	1.7490272179	1.77777151751	1.80047850195	1.73468371595	1.76229527237	1.70292951362	1.72513692607	1.7365413035	1.67492533074	1.70329797665	1.78868996109	1.76273505837	1.80816400778	1.74794326848	1.79019309339	1.89903898833	1.81452361868	1.61842741245	1.71254992218	1.55934764591	1.57853058366	1.43118599222	1.58808953307	1.4560611284	1.49243435798	1.48690875486	1.66210583658	1.60995822957	1.6127333463	1.8726388716	1.67448607004	1.92097480545	2.20422772374	1.90949315175	1.7900731323	2.00411145914	1.85655439689	1.75079838521	1.70601101167	1.86866998054	1.77019747082	1.74884492218	1.87316968872	2.36792719844	1.94788970817	1.37154099222	1.90099338521	1.74900132296	1.7030051751	1.7897831323	1.74548585603	1.76799772374	1.6290942607	1.86159544747	1.81522227626	2.57341577821	1.38169445525	1.73902758755	1.76321797665	1.73080282101
CF2	1.71189776265	1.29564143969	1.55346505837	1.23094171206	1.42118498054	1.16540107004	1.41559272374	1.68943861868	1.62472525292	1.49190198444	1.17676618677	1.25702375486	1.31721309339	1.49440966926	1.31818291829	1.71002400778	0.681013307393	0.632092276265	1.38896564202	1.24099307393	1.42761562257	0.910096848249	2.4030898249	2.17339799611	1.33377247082	1.77155214008	0.468286050584	0.0	0.925281595331	1.11298365759	0.84367188716	0.612182276265	1.66567035019	1.68637527237	1.69999840467	1.64000793774	1.65871392996	1.59931210117	1.6451594358	1.6462533463	1.58361632296	1.62105227626	1.6832772179	1.65781737354	1.69935916342	1.64403826848	1.69846081712	1.72735433852	1.63320585603	1.44385424125	1.56797196498	1.34622692607	1.35723811284	1.23931616732	1.40165955253	1.25464293774	1.309945	1.26691437743	1.47186118677	1.40910124514	1.39915235409	1.67452095331	1.45525348249	1.82443163424	2.1210214786	1.77382005837	1.65435513619	1.9344307393	1.77157083658	1.63846389105	1.61091371595	1.70306377432	1.66711033074	1.63695583658	1.75458819066	2.29214262646	1.85906042802	1.32040346304	1.72746912451	1.63142998054	1.68530854086	1.67232003891	1.60798455253	1.6684133463	1.5131151751	1.73389846304	1.6959459144	2.47920361868	1.34755252918	1.63648714008	1.67231597276	1.65385474708
CG1	1.49848842412	1.15126319066	1.57433653696	0.952556108949	1.77729400778	1.47246492218	1.27930929961	1.43813947471	1.43340844358	1.27334910506	1.58414988327	1.68357445525	1.08387896887	1.48955270428	1.24155564202	1.47147287938	0.778382062257	0.695989163424	1.02988832685	0.917969066148	1.51973589494	1.24055280156	2.68712274319	2.49608671206	1.74247219844	2.19448206226	0.918680097276	0.925281595331	0.0	0.567262373541	0.73537733463	0.642955466926	1.53044719844	1.52619258755	1.35853505837	1.50457836576	1.3815014786	1.51991992218	1.53052079767	1.49475089494	1.55393745136	1.54671138132	1.39552429961	1.49782803502	1.34691422179	1.48151710117	1.5606133463	1.95269939689	1.80630075875	1.51138809339	1.49896904669	1.58287863813	1.62725885214	1.59984523346	1.73644441634	1.61667029183	1.4425157393	1.53118227626	1.67232717899	1.46971322957	1.65656667315	1.93126215953	1.52416815175	1.65175031128	2.05261840467	1.86281309339	1.43936871595	1.88448821012	1.60615780156	1.57458463035	1.65438675097	2.04793945525	1.67174188716	1.58153194553	1.84088048638	2.15507601167	1.65071400778	1.52885256809	2.04551951362	1.38654219844	1.98329986381	1.40393754864	1.46367883268	1.54414610895	1.47366945525	1.65826535019	1.64391159533	2.3461636965	1.55880610895	1.59802643969	1.51993515564	1.69407758755
CG2	1.46591877432	1.22122455253	1.9294729572	1.31201159533	2.04225509728	1.78970970817	1.27230256809	1.40123620623	1.43046871595	1.27353326848	1.86376194553	1.94793223735	1.45023714008	1.84018134241	1.30039062257	1.44490108949	0.915526692607	0.805302782101	0.647556381323	0.593455097276	1.79377134241	1.45711898833	2.90489857977	2.71335110895	2.00694496109	2.41835494163	1.12079955253	1.11298365759	0.567262373541	0.0	0.663240642023	0.792310214008	1.6091351751	1.58364632296	1.53999463035	1.58164992218	1.55873712062	1.60899424125	1.61841418288	1.57275544747	1.63790285992	1.63826356031	1.57513663424	1.56329301556	1.52543554475	1.53867694553	1.63194891051	2.14245422179	2.03560083658	1.68859906615	1.49418103113	1.79262042802	1.81882690661	1.75751196498	1.93460974708	1.78259391051	1.61519725681	1.70813367704	1.88573254864	1.61904202335	1.85929145914	2.13193064202	1.72152472763	1.79335268482	2.24283478599	2.04224258755	1.64952945525	2.08156968872	1.72992955253	1.8049344358	1.78589383268	2.15761634241	1.78640756809	1.82452607004	2.00889756809	2.37853632296	1.7771707393	1.71261330739	2.18347799611	1.59095336576	2.16097636187	1.5167707393	1.69638264591	1.55301105058	1.46191178988	1.64958398833	1.62403256809	2.54065439689	1.75208093385	1.5992438716	1.74110865759	1.9113648249
