	CA7	CA8	CB7	CB8	CC7	CC8	CD7	CD8	CE7	CE8	CF7	CF8	CG7	CG8	CH7	CH8	CA1	CA2	CB1	CB2	CC1	CC2	CD1	CD2	CE1	CE2	CF1	CF2	CG1	CG2	CH1	CH2	CA5	CA6	CB5	CB6	CC5	CC6	CD6	CE5	CE6	CF5	CF6	CG5	CG6	CH5	CH6	CA11	CA12	CB11	CB12	CC11	CC12	CD11	CD12	CE11	CE12	CF11	CF12	CG11	CG12	CH11	CH12	CA3	CA4	CB3	CB4	CC4	CD3	CD4	CE4	CF3	CF4	CG3	CG4	CH3	CH4	CA9	CA10	CB9	CB10	CC9	CC10	CD9	CD10	CE9	CE10	CF9	CG9	CG10	CH9	CH10
CA7	0.0	0.488920155642	1.74887857977	0.922244552529	1.94504416342	1.53355326848	0.540684610895	0.425593929961	0.430905233463	0.472344669261	1.57012424125	1.94964381323	1.02780140078	1.48670252918	0.588575077821	0.230003132296	1.92385484436	1.87730712062	1.38785990272	1.40961412451	1.6020166537	1.58607579767	2.86325642023	2.92047525292	2.39288540856	2.57648762646	1.75655801556	1.6784627821	1.31445867704	1.25813282101	1.50003429961	1.57990124514	0.76754881323	0.735225486381	0.6370392607	0.720030486381	0.723461770428	0.763732937743	0.789168735409	0.737548618677	0.879240992218	0.796603035019	0.851118677043	0.665717354086	0.658864785992	0.687603190661	0.743322023346	1.66300435798	1.40361015564	1.19218558366	0.885561342412	1.18779575875	1.24150632296	1.12499383268	1.54330431907	1.30048616732	0.94067188716	1.13936418288	1.24635107004	0.971292976654	1.27928610895	1.54492276265	1.10533854086	1.42074435798	1.85450040856	1.64153215953	1.12209515564	1.76347291829	1.30786342412	1.15045108949	1.48397496109	1.8561135214	1.46208513619	1.36678817121	1.56026953307	1.96276892996	1.30808420233	1.26662270428	1.77403575875	0.909582645914	1.90425400778	0.930120972763	1.10545025292	0.656818171206	0.767429902724	0.69535385214	0.728653404669	2.00284478599	1.38108587549	0.826653871595	1.14641885214	1.33492568093
CA8	0.488920155642	0.0	1.71123457198	0.863660466926	1.69017385214	1.26067964981	0.361189941634	0.542393579767	0.457817801556	0.373521439689	1.32304828794	1.68112124514	0.992009416342	1.46157937743	0.28006655642	0.424341536965	1.64207935798	1.57654003891	1.39363169261	1.30529941634	1.51604762646	1.40504754864	2.63125303502	2.6819107393	2.13705910506	2.31363700389	1.48093735409	1.39458021401	1.2537355642	1.26525523346	1.24565293774	1.32450661479	0.733293949416	0.709687120623	0.812411400778	0.701854922179	0.898545544747	0.771379513619	0.766579902724	0.712093287938	0.849932315175	0.762497821012	1.02979190661	0.646753929961	0.844064669261	0.651252529183	0.709302684825	1.70558922179	1.46760167315	1.21469149805	0.956807645914	1.27929097276	1.25137052529	1.07868391051	1.46388217899	1.21625581712	0.840992743191	1.1998320428	1.30366581712	0.989387840467	1.31166241245	1.59540381323	1.15619581712	1.50425287938	1.91256807393	1.655285	1.17609714008	1.83869280156	1.37668856031	1.19987346304	1.48103826848	1.85091231518	1.46247276265	1.41369190661	1.60682447471	2.01190702335	1.42833747082	1.04318857977	1.77244622568	0.945356848249	1.68540050584	0.979335797665	1.17306410506	0.609525642023	0.580070953307	0.679790466926	0.665084416342	2.08156649805	1.17697840467	0.715784571984	1.1526913035	1.35733587549
CB7	1.74887857977	1.71123457198	0.0	1.11037196498	0.99977348249	1.03948394942	1.64257949416	1.92199531128	1.75302007782	1.75744071984	0.963951070039	0.977491108949	0.995600914397	0.558045622568	1.6348055642	1.78309680934	1.73320027237	1.70560297665	2.4185244358	2.25771398833	1.31504714008	1.36937717899	1.94119001946	1.94892885214	1.30345461089	1.46596340467	1.61538764591	1.59601922179	1.66333079767	1.93717513619	1.88802692607	1.82533542802	1.99090206226	1.94261663424	1.71652441634	1.93505859922	1.63833642023	1.83634307393	1.95638035019	1.93969599222	1.83148821012	1.96836476654	1.43252838521	1.975315	1.68343363813	1.99796235409	1.99190838521	1.46143990272	1.39152741245	1.69167287938	1.79377435798	1.55121931907	1.5098514786	1.49014439689	1.29225706226	1.33368980545	1.46320653696	1.60694859922	1.43000731518	1.7213066537	1.63249488327	1.48549550584	1.59283980545	1.61871597276	1.58406992218	1.57118486381	1.3606385214	1.49224488327	1.63869398833	1.29409476654	1.6197811284	1.58712789883	1.71415461089	1.29328892996	1.60327177043	1.70321182879	1.70503180934	1.74636280156	1.69618608949	1.7879738716	1.55654784047	1.5627261284	1.41980354086	2.0034164786	1.84034054475	2.07709546693	2.00208797665	1.9301761284	1.66692270428	2.08349735409	1.583927393	1.59913963035
CB8	0.922244552529	0.863660466926	1.11037196498	0.0	1.42755389105	0.982050583658	0.84893040856	1.12959723735	0.967957723735	0.91548311284	1.04342700389	1.38884571984	0.348504708171	0.899490155642	0.800920836576	0.967785077821	1.41756328794	1.37467116732	1.7803301751	1.57560922179	1.21372330739	1.15543392996	2.35694400778	2.37105774319	1.85338910506	2.03894108949	1.27066680934	1.16900865759	1.02035233463	1.26776254864	1.34304624514	1.28533245136	1.14571924125	1.11979190661	0.921911595331	1.14921538911	0.950078929961	1.07157079767	1.16401815175	1.13578881323	1.15838675097	1.15394758755	1.02065155642	1.15891544747	0.939214747082	1.17642957198	1.18030455253	1.55694708171	1.30256684825	1.12665916342	1.10171480545	1.11107867704	1.14431363813	1.00557196498	1.25278400778	1.02897289883	0.790685933852	1.07895406615	1.15986317121	1.03348507782	1.18964447471	1.46910155642	1.02600247082	1.40512836576	1.71234698444	1.49681675097	1.07911951362	1.64297478599	1.33520669261	1.08411949416	1.35660850195	1.60575546693	1.44333431907	1.23774879377	1.47528027237	1.83099947471	1.39912891051	1.01399963035	1.68763680934	0.984289571984	1.56201587549	0.863116653696	1.01538811284	1.15125291829	1.02772044747	1.21242984436	1.16937114786	1.99506070039	1.08792319066	1.24740636187	1.04321752918	1.23585357977
CC7	1.94504416342	1.69017385214	0.99977348249	1.42755389105	0.0	0.768099922179	1.67412519455	1.9906044358	1.87196235409	1.79585708171	0.713178093385	0.356255330739	1.31944649805	1.24709046693	1.6091486965	1.92849488327	1.55823904669	1.52730490272	2.36905215953	2.27703976654	1.51835237354	1.41867984436	1.33654346304	1.35262680934	0.789179844358	0.956922256809	1.5139007393	1.49714554475	1.87651957198	2.10629904669	1.81770896887	1.75268836576	1.94186126459	1.92523494163	1.98294976654	1.93761235409	1.93067636187	1.87531994163	1.92796005837	1.92268309339	1.8072909144	1.92431128405	1.97840175097	1.95841178988	1.96520210117	1.97255607004	1.94761357977	1.8364077821	1.83509937743	1.85056040856	1.94814040856	1.81088151751	1.68940745136	1.64629243191	1.47612501946	1.54841550584	1.61409714008	1.78994928016	1.75730429961	1.83394698444	1.80653463035	1.79700571984	1.88675593385	1.97425774319	2.19660406615	1.86626986381	1.71811819066	2.11395715953	1.92836307393	1.71550229572	1.87284138132	1.85077013619	1.88606346304	1.8190629572	1.88976766537	2.30906994163	1.92591202335	1.66798317121	1.93815206226	1.92401529183	1.40069299611	1.87081976654	1.91450511673	1.93767416342	1.79179110895	2.051847393	1.98531507782	2.34922050584	1.63247622568	1.93719052529	1.93853422179	1.9657614786
CC8	1.53355326848	1.26067964981	1.03948394942	0.982050583658	0.768099922179	0.0	1.29791087549	1.6023536965	1.45526157588	1.36209875486	0.464716575875	0.721682607004	0.968676614786	1.0697966537	1.18370285992	1.49692963035	1.3002716537	1.22947957198	2.05984931907	1.9267251751	1.29620929961	1.13451501946	1.77624136187	1.79056470817	1.21425669261	1.38495167315	1.17119303502	1.16205321012	1.58022311284	1.78820114786	1.50956223735	1.46151922179	1.56895881323	1.54270735409	1.59926533074	1.56179523346	1.54751274319	1.49042219844	1.56136029183	1.54660523346	1.44534951362	1.57065284047	1.57991101167	1.5660614786	1.5666544358	1.58318291829	1.59502093385	1.71239696498	1.5105229572	1.45102328794	1.60424830739	1.44756770428	1.30706247082	1.24969857977	1.29999400778	1.16411885214	1.2149868677	1.42021503891	1.41014367704	1.41136737354	1.42929233463	1.62143673152	1.51562161479	1.75077365759	1.95135935798	1.65995126459	1.44455383268	1.89191167315	1.67441821012	1.44250451362	1.59545309339	1.67978667315	1.6321066537	1.5549666537	1.68026540856	2.08263939689	1.70329544747	1.19243247082	1.79790785992	1.45633143969	1.27295089494	1.47009743191	1.51053297665	1.49222470817	1.3861357393	1.61128957198	1.53722359922	2.23192684825	1.13505412451	1.49650877432	1.48834375486	1.5226685214
CD7	0.540684610895	0.361189941634	1.64257949416	0.84893040856	1.67412519455	1.29791087549	0.0	0.526942470817	0.402162023346	0.278678540856	1.32000881323	1.66155850195	0.929103910506	1.40018616732	0.358107120623	0.489197159533	1.60934941634	1.58391737354	1.36268766537	1.262047607	1.50386013619	1.44707535019	2.62997468872	2.6662201751	2.1067983463	2.30500262646	1.4585464786	1.38507031128	1.23443912451	1.22614976654	1.24718276265	1.3130590856	0.812718910506	0.777382509728	0.846807957198	0.80882614786	0.936232062257	0.803615058366	0.832472801556	0.797278093385	0.919947198444	0.840173677043	1.06507048638	0.772273677043	0.872957451362	0.761615817121	0.796755233463	1.6835598249	1.45420122568	1.22216754864	0.923845330739	1.24451110895	1.22165844358	1.01051276265	1.40098468872	1.15033233463	0.779761673152	1.15536863813	1.26489696498	0.966181439689	1.30167270428	1.54821931907	1.15335692607	1.52842714008	1.92035949416	1.66613661479	1.22263525292	1.83480733463	1.3901238716	1.24877247082	1.46243797665	1.83913027237	1.47511367704	1.46155756809	1.62452332685	2.03028653696	1.45367180934	1.08366801556	1.77260889105	0.907349241245	1.70818873541	0.91663881323	1.13432276265	0.616270214008	0.550620894942	0.680076089494	0.686894435798	2.08582531128	1.17920531128	0.777851673152	1.14633	1.35203643969
CD8	0.425593929961	0.542393579767	1.92199531128	1.12959723735	1.9906044358	1.6023536965	0.526942470817	0.0	0.384797062257	0.450789766537	1.66319237354	1.98138712062	1.22381	1.65909081712	0.619733054475	0.3575842607	1.94371710117	1.88791817121	1.41548048638	1.46228603113	1.75082474708	1.693262607	2.91858494163	2.96722645914	2.41729175097	2.60636202335	1.76443599222	1.69666321012	1.50332307393	1.44649861868	1.53100624514	1.58740871595	0.761572354086	0.717353618677	0.757748599222	0.681068385214	0.837587762646	0.733212042802	0.76098344358	0.712144727626	0.851252859922	0.776357392996	0.998114669261	0.653779688716	0.776412412451	0.680374280156	0.722200972763	1.72504941634	1.46975003891	1.25990184825	0.948828151751	1.24723346304	1.31705577821	1.13168301556	1.58891560311	1.32073266537	0.966851459144	1.21508690661	1.30794013619	1.0563842607	1.36223898833	1.64286700389	1.16543075875	1.51739097276	1.94410118677	1.74680554475	1.25651620623	1.84957361868	1.42775945525	1.29460789883	1.59154472763	1.97073939689	1.52426361868	1.50445474708	1.66236031128	2.05958764591	1.39332727626	1.29382885214	1.87043291829	0.994958287938	1.94427898833	1.00139770428	1.16527787938	0.548769377432	0.712437412451	0.558593307393	0.642602898833	2.09432035019	1.38626451362	0.786254338521	1.23254418288	1.45664797665
CE7	0.430905233463	0.457817801556	1.75302007782	0.967957723735	1.87196235409	1.45526157588	0.402162023346	0.384797062257	0.0	0.33234655642	1.46762040856	1.84555951362	1.05974488327	1.48761406615	0.491084747082	0.413057548638	1.80987754864	1.75591861868	1.41773910506	1.3476794358	1.53788001946	1.47547698444	2.81740698444	2.85033523346	2.28001566148	2.47739309339	1.63206768482	1.5612392607	1.32428021401	1.28323949416	1.39331326848	1.45923861868	0.839575758755	0.792784883268	0.771767217899	0.763378832685	0.860709961089	0.815188599222	0.836502062257	0.787817276265	0.930799299611	0.853615544747	1.00002951362	0.732426206226	0.794147101167	0.756401848249	0.797612081712	1.64897577821	1.42683188716	1.20494151751	0.93403229572	1.21663258755	1.20843233463	1.02939972763	1.4019157393	1.14535785992	0.822241634241	1.15288455253	1.24399797665	0.965778793774	1.28909535019	1.54362180934	1.16859412451	1.47270270428	1.88313081712	1.60062677043	1.17308404669	1.79126605058	1.33303531128	1.21627593385	1.4164829572	1.76634210117	1.42837188716	1.42272729572	1.54246243191	1.98444287938	1.36908605058	1.13334727626	1.76881787938	0.950662237354	1.76613694553	0.892643015564	1.09647182879	0.64809807393	0.609471945525	0.697816673152	0.716857431907	2.07982009728	1.20600324903	0.811847898833	1.18976365759	1.40034550584
CE8	0.472344669261	0.373521439689	1.75744071984	0.91548311284	1.79585708171	1.36209875486	0.278678540856	0.450789766537	0.33234655642	0.0	1.41425245136	1.77761085603	1.03260743191	1.49201688716	0.404130525292	0.428022003891	1.74603429961	1.69952595331	1.40392799611	1.33264124514	1.53784828794	1.50015322957	2.74530035019	2.79021867704	2.20974544747	2.42554140078	1.59259922179	1.50506873541	1.32964587549	1.30351838521	1.34876959144	1.43135533074	0.805881303502	0.775747120623	0.822951011673	0.775336050584	0.913909902724	0.802395194553	0.825509202335	0.779905700389	0.916318696498	0.838275097276	1.04051015564	0.7287007393	0.85235311284	0.728039377432	0.779527120623	1.69019167315	1.45424116732	1.21236192607	0.899582042802	1.23280303502	1.2305198249	1.04698990272	1.44354346304	1.19392453307	0.810909046693	1.1538083463	1.25761752918	0.94303118677	1.294317393	1.56431587549	1.15463566148	1.5370344358	1.94086924125	1.67645924125	1.23643768482	1.84404389105	1.40332533074	1.24710824903	1.49487737354	1.86163671206	1.48500863813	1.47653692607	1.63229906615	2.0507916537	1.44560906615	1.13570379377	1.79490712062	0.909581439689	1.77416894942	0.909929961089	1.13304803502	0.571068404669	0.594206089494	0.631072723735	0.645219085603	2.09450093385	1.21102178988	0.768877140078	1.1670698249	1.38828003891
CF7	1.57012424125	1.32304828794	0.963951070039	1.04342700389	0.713178093385	0.464716575875	1.32000881323	1.66319237354	1.46762040856	1.41425245136	0.0	0.670724007782	0.966770272374	0.962482684825	1.22568593385	1.53860523346	1.31232192607	1.22455070039	2.10485429961	1.96164805447	1.20441140078	1.02205136187	1.70738824903	1.70836206226	1.11017194553	1.31717070039	1.21770042802	1.18743963035	1.58369268482	1.79475928016	1.51845344358	1.47641003891	1.63219643969	1.59048428016	1.62795607004	1.6236813035	1.57463254864	1.54431289883	1.60520986381	1.59569441634	1.48347854086	1.61572424125	1.61248276265	1.63559770428	1.5909770428	1.64590785992	1.63349136187	1.61595657588	1.51092136187	1.52370282101	1.63264554475	1.44866264591	1.30590807393	1.22322289883	1.18422381323	1.13847857977	1.21006044747	1.42634223735	1.4005120428	1.50546262646	1.43249031128	1.52106797665	1.584892393	1.70142299611	1.89032799611	1.57783075875	1.3683738716	1.81824070039	1.65186357977	1.37694856031	1.54447780156	1.61495212062	1.5683544358	1.51950883268	1.60549902724	1.99367212062	1.67794805447	1.24357161479	1.70094210117	1.52481272374	1.18264326848	1.44374996109	1.50609153696	1.55687229572	1.382305	1.65275968872	1.58201877432	2.17040607004	1.19314747082	1.59729025292	1.55720503891	1.59827159533
CF8	1.94964381323	1.68112124514	0.977491108949	1.38884571984	0.356255330739	0.721682607004	1.66155850195	1.98138712062	1.84555951362	1.77761085603	0.670724007782	0.0	1.30083486381	1.2762351751	1.5822494358	1.92765994163	1.53804928016	1.4938922179	2.40905749027	2.28370797665	1.46561326848	1.37970167315	1.37570785992	1.38261560311	0.846313229572	1.00135836576	1.46476953307	1.43715624514	1.90125392996	2.10368608949	1.82625854086	1.74609097276	1.97004624514	1.94710599222	2.01147007782	1.97197196498	1.9606683463	1.89341889105	1.95522153696	1.94563414397	1.82704624514	1.95422120623	1.99596206226	1.99099272374	1.97632856031	2.00267696498	1.97184143969	1.83176365759	1.8528122179	1.87431215953	1.96305682879	1.82901680934	1.6759927821	1.61434717899	1.4918185214	1.53566468872	1.60049702335	1.77808947471	1.77434449416	1.85236103113	1.79482797665	1.81833015564	1.9031383463	1.95458540856	2.17097900778	1.86793951362	1.70961558366	2.08061291829	1.90962070039	1.68693891051	1.82885819066	1.84270266537	1.84943357977	1.80006206226	1.88710661479	2.28063379377	1.90947914397	1.61035457198	1.92391937743	1.86054957198	1.34445459144	1.85227933852	1.90080266537	1.9094381323	1.7711690856	2.03282933852	1.95438184825	2.332192607	1.5819459144	1.91278714008	1.90619826848	1.94018836576
CG7	1.02780140078	0.992009416342	0.995600914397	0.348504708171	1.31944649805	0.968676614786	0.929103910506	1.22381	1.05974488327	1.03260743191	0.966770272374	1.30083486381	0.0	0.786168054475	0.914067373541	1.07469219844	1.33061601167	1.29336315175	1.82126029183	1.62258459144	1.1963366537	1.12138817121	2.26392914397	2.26667715953	1.76735214008	1.94594486381	1.21414287938	1.09444682879	1.00822498054	1.28561577821	1.38987445525	1.33837964981	1.26267830739	1.22921560311	1.01882206226	1.25531807393	0.996718579767	1.14497951362	1.2714194358	1.25408519455	1.21992787938	1.26200723735	1.04754902724	1.27299972763	1.01423280156	1.28869466926	1.28239949416	1.53810575875	1.28270365759	1.153772393	1.1872379572	1.10622821012	1.14897605058	1.02262437743	1.23619229572	1.0412909144	0.909583988327	1.08793095331	1.14284675097	1.13298920233	1.2151277821	1.44852190661	1.09485581712	1.40206377432	1.66055542802	1.50496134241	1.0923498249	1.59845124514	1.32974525292	1.10069077821	1.38103725681	1.58201099222	1.47127552529	1.24615754864	1.48456007782	1.79091363813	1.41819350195	1.04276009728	1.6836607393	1.07667626459	1.53503817121	0.938771011673	1.00861021401	1.25245649805	1.10580519455	1.33316789883	1.29767768482	1.95683354086	1.09111902724	1.36199142023	1.09335904669	1.2346414786
CG8	1.48670252918	1.46157937743	0.558045622568	0.899490155642	1.24709046693	1.0697966537	1.40018616732	1.65909081712	1.48761406615	1.49201688716	0.962482684825	1.2762351751	0.786168054475	0.0	1.3803727821	1.52869780156	1.69564846304	1.59489610895	2.19450367704	2.03553910506	1.25467642023	1.24713163424	2.2244614786	2.22355774319	1.66540583658	1.84393167315	1.53332980545	1.48759344358	1.41715206226	1.70432398833	1.7032986965	1.67979498054	1.71215916342	1.67004198444	1.43842175097	1.66298114786	1.35743177043	1.56809710117	1.68949379377	1.67419885214	1.56625678988	1.69046844358	1.15725832685	1.70645385214	1.41813042802	1.73157898833	1.71771750973	1.48749342412	1.22095766537	1.53974772374	1.6127357393	1.37820883268	1.36153379377	1.30966254864	1.23837536965	1.1948909144	1.28901900778	1.44534142023	1.268527607	1.56525838521	1.47306171206	1.41577996109	1.43190597276	1.51030918288	1.38653064202	1.50152083658	1.20430122568	1.3575707393	1.53130420233	1.19160190661	1.55566321012	1.6027783463	1.63802972763	1.16904723735	1.53197560311	1.48895410506	1.59133984436	1.52829780156	1.73654715953	1.58119326848	1.58964377432	1.28420758755	1.11731535019	1.75798319066	1.58313527237	1.82950038911	1.78443103113	1.78988782101	1.4754136965	1.86416328794	1.33450889105	1.29041719844
CH7	0.588575077821	0.28006655642	1.6348055642	0.800920836576	1.6091486965	1.18370285992	0.358107120623	0.619733054475	0.491084747082	0.404130525292	1.22568593385	1.5822494358	0.914067373541	1.3803727821	0.0	0.527238171206	1.55042007782	1.49208161479	1.43796653696	1.307045	1.44372079767	1.34151562257	2.55883321012	2.59837021401	2.05073865759	2.23891776265	1.39876274319	1.33114167315	1.22178558366	1.20902536965	1.19243163424	1.28218550584	0.775597198444	0.757620525292	0.853063404669	0.75972618677	0.937879455253	0.815060350195	0.803781867704	0.758487003891	0.888295680934	0.811517918288	1.07059103113	0.712888385214	0.878558229572	0.711175661479	0.754281070039	1.68061138132	1.44655173152	1.2269622179	0.981098521401	1.25256079767	1.22942758755	1.03805241245	1.39474227626	1.14132381323	0.779526692607	1.17508365759	1.28335451362	0.993203540856	1.28477161479	1.58211223735	1.16177042802	1.50702542802	1.89814264591	1.61201128405	1.18498307393	1.8255286965	1.39983531128	1.20702476654	1.44793354086	1.8151381323	1.46561554475	1.42068725681	1.5836590856	1.99034085603	1.46276344358	1.00465463035	1.77160270428	0.928951070039	1.61085717899	0.957576050584	1.14283533074	0.686162821012	0.590225719844	0.739023054475	0.729738988327	2.09123231518	1.12688359922	0.800425719844	1.13767793774	1.3569568677
CH8	0.230003132296	0.424341536965	1.78309680934	0.967785077821	1.92849488327	1.49692963035	0.489197159533	0.3575842607	0.413057548638	0.428022003891	1.53860523346	1.92765994163	1.07469219844	1.52869780156	0.527238171206	0.0	1.89606902724	1.83109219844	1.35540070039	1.37417955253	1.59984768482	1.56283480545	2.86347896887	2.90776044747	2.37629344358	2.55461928016	1.71507472763	1.63870863813	1.36359655642	1.31716412451	1.45590431907	1.55319472763	0.715338910506	0.687054416342	0.657132587549	0.669739105058	0.74281307393	0.716358171206	0.741980311284	0.688771750973	0.829490933852	0.749284455253	0.880399396887	0.616432976654	0.679759007782	0.640690525292	0.691415505837	1.65664180934	1.39195784047	1.15709381323	0.855188754864	1.18595254864	1.21996980545	1.08755595331	1.51406928016	1.27087727626	0.887785719844	1.13606217899	1.23004435798	0.952060505837	1.26912589494	1.53054507782	1.07917031128	1.41821340467	1.84171793774	1.63521762646	1.10816525292	1.75134928016	1.32577632296	1.13345585603	1.48680428016	1.86883299611	1.42121453307	1.35503682879	1.55581854086	1.95138420233	1.31420383268	1.20640035019	1.76559896887	0.896707918288	1.85207745136	0.925976206226	1.10850435798	0.568710525292	0.694609805447	0.593994805447	0.629207937743	2.01282223735	1.32110379377	0.747169922179	1.13662151751	1.3340883463
CA1	1.92385484436	1.64207935798	1.73320027237	1.41756328794	1.55823904669	1.3002716537	1.60934941634	1.94371710117	1.80987754864	1.74603429961	1.31232192607	1.53804928016	1.33061601167	1.69564846304	1.55042007782	1.89606902724	0.0	0.408381653696	1.27463785992	1.11338472763	1.800292393	1.39994737354	2.12132391051	2.18466422179	1.68269889105	1.80933145914	0.639161264591	0.685682840467	0.894952081712	0.968813579767	0.816205914397	0.699065194553	1.85414770428	1.83922235409	1.90217896887	1.83447357977	1.88480805447	1.78373669261	1.83654093385	1.818582607	1.78036747082	1.81957036965	2.00992511673	1.87742464981	1.88279169261	1.87088422179	1.85329157588	2.32513717899	2.15394892996	1.95774439689	2.02251466926	1.99998546693	1.94370758755	1.77855268482	1.94480873541	1.81015081712	1.72130544747	1.93758194553	2.02233435798	1.92566268482	1.98956924125	2.21919285992	1.99155307393	2.09592717899	2.3208636965	2.10697233463	1.88292945525	2.24097188716	1.97557359922	1.92588488327	1.92064949416	2.14805863813	1.94493558366	1.98609293774	2.07028865759	2.41581571984	2.03783262646	1.56939116732	2.37469608949	1.84386363813	1.85531830739	1.84162110895	1.90344583658	1.85881854086	1.71919287938	1.96751924125	1.92404105058	2.68067461089	1.605895	1.83531311284	1.84593105058	1.94262328794
CA2	1.87730712062	1.57654003891	1.70560297665	1.37467116732	1.52730490272	1.22947957198	1.58391737354	1.88791817121	1.75591861868	1.69952595331	1.22455070039	1.4938922179	1.29336315175	1.59489610895	1.49208161479	1.83109219844	0.408381653696	0.0	1.25379332685	1.08800587549	1.66938474708	1.25973622568	2.0626551751	2.16401945525	1.66599319066	1.75964171206	0.476413268482	0.611110330739	0.852468793774	0.978116789883	0.765971692607	0.684691400778	1.82310562257	1.78748291829	1.84809256809	1.78130892996	1.81599212062	1.72388126459	1.78903184825	1.77130110895	1.69832939689	1.78143486381	1.92125521401	1.82200669261	1.82500182879	1.81572136187	1.81552968872	2.18729194553	1.99965350195	1.83825846304	1.93366974708	1.83659638132	1.78607192607	1.6245586965	1.77841972763	1.65293173152	1.59867328794	1.78904589494	1.86959503891	1.83255250973	1.83481832685	2.09317848249	1.8849494358	1.96327062257	2.17976535019	1.97785947471	1.79724476654	2.11405042802	1.88580190661	1.82423863813	1.82326978599	2.0114609144	1.84033272374	1.91155832685	1.95466793774	2.30641457198	1.93346548638	1.50984904669	2.24521038911	1.78978536965	1.7993614786	1.75730459144	1.76281433852	1.84269544747	1.66493476654	1.93060237354	1.85965371595	2.58596155642	1.48296910506	1.7824357393	1.80822496109	1.86152435798
CB1	1.38785990272	1.39363169261	2.4185244358	1.7803301751	2.36905215953	2.05984931907	1.36268766537	1.41548048638	1.41773910506	1.40392799611	2.10485429961	2.40905749027	1.82126029183	2.19450367704	1.43796653696	1.35540070039	1.27463785992	1.25379332685	0.0	0.337131692607	2.18632044747	1.81684142023	2.97934153696	3.0571235214	2.54518624514	2.65948554475	1.23953142023	1.25402093385	1.06518935798	0.777388871595	0.823405992218	0.879529202335	1.61594766537	1.59117519455	1.63136488327	1.58851848249	1.67769229572	1.54907743191	1.626497393	1.58536653696	1.65203762646	1.6239327821	1.79814285992	1.57589180934	1.656867607	1.55288678988	1.61542114786	2.35007538911	2.14633772374	1.93594727626	1.62606968872	1.98726717899	1.97255964981	1.82851330739	2.11529079767	1.96389583658	1.69465988327	1.92786392996	2.03643957198	1.708007393	2.00619990272	2.25082655642	1.85075194553	1.96666725681	2.41780498054	2.19435821012	1.84963326848	2.28358822957	1.88407270428	1.87043830739	1.98853404669	2.34298439689	1.97420986381	2.08152729572	2.15069212062	2.53198544747	1.85238877432	1.89311315175	2.40430659533	1.7415035214	2.44644079767	1.77678145914	1.96349587549	1.44270632296	1.50965342412	1.54735099222	1.54603902724	2.75688974708	2.01085815175	1.51629583658	1.96347929961	2.11066367704
CB2	1.40961412451	1.30529941634	2.25771398833	1.57560922179	2.27703976654	1.9267251751	1.262047607	1.46228603113	1.3476794358	1.33264124514	1.96164805447	2.28370797665	1.62258459144	2.03553910506	1.307045	1.37417955253	1.11338472763	1.08800587549	0.337131692607	0.0	2.03358416342	1.64491132296	2.83210070039	2.93524354086	2.39998322957	2.51197809339	1.11458058366	1.13181013619	0.868212529183	0.578543054475	0.731193793774	0.773637392996	1.63752787938	1.60657439689	1.59559996109	1.60604173152	1.63371531128	1.56658005837	1.64772445525	1.60467974708	1.66850523346	1.64439984436	1.75522412451	1.59365743191	1.62118062257	1.57569066148	1.63033284047	2.30702042802	2.10887163424	1.89979963035	1.60037799611	1.93855322957	1.94162671206	1.79524192607	2.05119898833	1.89242542802	1.6343909144	1.88817177043	1.99816048638	1.6834486965	1.96944961089	2.21427319066	1.80420593385	1.89388136187	2.30582935798	2.12074535019	1.75622328794	2.21175571984	1.80090727626	1.7842411284	1.88211305447	2.26293959144	1.88133326848	1.99413058366	2.07629132296	2.43122223735	1.79618081712	1.8128761284	2.37318696498	1.67240754864	2.35955996109	1.71497618677	1.888357607	1.52130490272	1.46955535019	1.61585548638	1.56701118677	2.68525848249	1.91931428016	1.54137418288	1.90059850195	2.05052945525
CC1	1.6020166537	1.51604762646	1.31504714008	1.21372330739	1.51835237354	1.29620929961	1.50386013619	1.75082474708	1.53788001946	1.53784828794	1.20441140078	1.46561326848	1.1963366537	1.25467642023	1.44372079767	1.59984768482	1.800292393	1.66938474708	2.18632044747	2.03358416342	0.0	0.698312684825	2.37552042802	2.39442424125	1.75377817121	1.98132077821	1.49942564202	1.45777807393	1.58776817121	1.76956904669	1.68913892996	1.69740470817	1.72210931907	1.68934525292	1.55953513619	1.70048566148	1.51796978599	1.60153270428	1.72156593385	1.69790235409	1.60057348249	1.710472607	1.49737404669	1.7222066537	1.53433381323	1.72330961089	1.74556743191	1.19526346304	1.31671564202	1.34150885214	1.59269966926	1.29028287938	1.10438099222	1.0890042607	0.933297276265	0.999588657588	1.26097710117	1.31140177043	1.24285001946	1.3874783463	1.26920964981	1.24096949416	1.4389231323	1.42238727626	1.54568157588	1.07801441634	1.09469725681	1.47152291829	1.35569280156	1.06019478599	1.19221285992	1.13491826848	1.19130809339	1.15568486381	1.1230688716	1.65648021401	1.41916241245	1.07724955253	1.33225902724	1.40693614786	1.04619661479	1.32227307393	1.37595749027	1.69346486381	1.4698431323	1.7565129572	1.62057690661	1.88967435798	1.05156743191	1.55998861868	1.41613107004	1.39803202335
CC2	1.58607579767	1.40504754864	1.36937717899	1.15543392996	1.41867984436	1.13451501946	1.44707535019	1.693262607	1.47547698444	1.50015322957	1.02205136187	1.37970167315	1.12138817121	1.24713163424	1.34151562257	1.56283480545	1.39994737354	1.25973622568	1.81684142023	1.64491132296	0.698312684825	0.0	2.22224466926	2.27335961089	1.53890906615	1.75064649805	1.06916206226	1.02948589494	1.29808856031	1.45697375486	1.24526503891	1.30071610895	1.66961702335	1.62967840467	1.53970143969	1.64767025292	1.50290461089	1.53703001946	1.66515371595	1.63897535019	1.54567523346	1.64774571984	1.50834544747	1.66316727626	1.52919412451	1.66402031128	1.68380844358	1.34537182879	1.34451354086	1.32218974708	1.53316749027	1.29847035019	1.12053375486	1.0870161284	1.00769758755	0.981609824903	1.17699324903	1.29753608949	1.24357881323	1.34068048638	1.26341357977	1.28396844358	1.41405488327	1.48459700389	1.66496507782	1.2307094358	1.15339706226	1.55707533074	1.41776046693	1.17337105058	1.25749461089	1.33788348249	1.24953194553	1.28186949416	1.24446595331	1.75668959144	1.46750540856	1.14027729572	1.45042498054	1.39579817121	1.2935177821	1.35213377432	1.39016021401	1.64675128405	1.42402690661	1.71946766537	1.58421083658	2.03801198444	1.15614027237	1.53247749027	1.45293912451	1.43948525292
CD1	2.86325642023	2.63125303502	1.94119001946	2.35694400778	1.33654346304	1.77624136187	2.62997468872	2.91858494163	2.81740698444	2.74530035019	1.70738824903	1.37570785992	2.26392914397	2.2244614786	2.55883321012	2.86347896887	2.12132391051	2.0626551751	2.97934153696	2.83210070039	2.37552042802	2.22224466926	0.0	0.529492256809	1.16199486381	0.770059182879	2.18900844358	2.22178589494	2.54965249027	2.72915507782	2.57683391051	2.47950762646	2.82615725681	2.79328233463	2.85719093385	2.78418873541	2.79579215953	2.72886188716	2.78687811284	2.76969375486	2.66420332685	2.78380583658	2.85135287938	2.82246731518	2.83018373541	2.82366	2.82843268482	2.86189840467	2.92424392996	2.95105955253	3.01426173152	2.89888105058	2.7985535214	2.71947749027	2.56879801556	2.63251819066	2.72649196498	2.89665787938	2.84208632296	2.92990433852	2.87613428016	2.89426003891	2.96613550584	2.32995459144	2.53113348249	2.38311212062	2.6135664786	2.49822848249	2.25799957198	2.56673548638	2.25556196498	2.37057873541	2.27087346304	2.62068396887	2.39645151751	2.61363472763	2.26207774319	2.66685998054	2.83323867704	2.91957182879	2.3236692607	2.85777	2.87979488327	2.90770937743	2.80264068093	3.03035669261	2.98683772374	3.08185735409	2.62664019455	2.93091659533	2.94721110895	2.93498614786
CD2	2.92047525292	2.6819107393	1.94892885214	2.37105774319	1.35262680934	1.79056470817	2.6662201751	2.96722645914	2.85033523346	2.79021867704	1.70836206226	1.38261560311	2.26667715953	2.22355774319	2.59837021401	2.90776044747	2.18466422179	2.16401945525	3.0571235214	2.93524354086	2.39442424125	2.27335961089	0.529492256809	0.0	1.18438058366	0.860767431907	2.2489670428	2.25055663424	2.65200182879	2.82732461089	2.62476791829	2.51417354086	2.87904928016	2.85108463035	2.91718898833	2.84226317121	2.8541290856	2.79301974708	2.84689157588	2.82828126459	2.72120134241	2.83663178988	2.91361809339	2.88452844358	2.88857330739	2.88217439689	2.87278431907	2.8487540856	2.92075346304	2.93950939689	3.00656169261	2.8964466537	2.79094184825	2.71473484436	2.55898754864	2.62851799611	2.71970678988	2.88736846304	2.83411363813	2.92229464981	2.87322182879	2.87899607004	2.96091527237	2.35681684825	2.56539535019	2.39253912451	2.63698616732	2.50683571984	2.30018198444	2.59639054475	2.28549138132	2.36315620623	2.28860478599	2.63537346304	2.40163	2.65508309339	2.29241392996	2.68445122568	2.82254692607	2.94564828794	2.35842202335	2.85010354086	2.89792904669	2.95105634241	2.82570640078	3.05548070039	3.01142659533	3.12425961089	2.64869727626	2.95452375486	2.96859406615	2.95082875486
CE1	2.39288540856	2.13705910506	1.30345461089	1.85338910506	0.789179844358	1.21425669261	2.1067983463	2.41729175097	2.28001566148	2.20974544747	1.11017194553	0.846313229572	1.76735214008	1.66540583658	2.05073865759	2.37629344358	1.68269889105	1.66599319066	2.54518624514	2.39998322957	1.75377817121	1.53890906615	1.16199486381	1.18438058366	0.0	0.645030894942	1.62075404669	1.65815655642	2.05373669261	2.26185184825	1.95375114786	1.89612396887	2.39918519455	2.35915871595	2.39114322957	2.34671180934	2.33122305447	2.27977729572	2.35857332685	2.335542393	2.23247328794	2.35425354086	2.38988933852	2.38827929961	2.36487249027	2.38816797665	2.39235727626	1.96476093385	2.03674058366	2.07067815175	2.34156145914	1.99451416342	1.93769737354	1.98136025292	1.68762478599	1.82140741245	1.99121608949	2.00948939689	1.94119033074	2.08399040856	1.99831840467	1.9900066537	2.17971363813	2.15693307393	2.34428620623	1.95671095331	2.11162515564	2.22093610895	2.10771548638	2.06482089494	2.0208709144	1.78965036965	2.00152108949	2.13043050584	1.98881856031	2.45211577821	2.11435229572	2.06853083658	1.94214326848	2.35043015564	1.76966727626	2.22967595331	2.30058079767	2.38308346304	2.25711103113	2.50407673152	2.41561702335	2.65246256809	2.03542673152	2.40464791829	2.3806309144	2.4140066537
CE2	2.57648762646	2.31363700389	1.46596340467	2.03894108949	0.956922256809	1.38495167315	2.30500262646	2.60636202335	2.47739309339	2.42554140078	1.31717070039	1.00135836576	1.94594486381	1.84393167315	2.23891776265	2.55461928016	1.80933145914	1.75964171206	2.65948554475	2.51197809339	1.98132077821	1.75064649805	0.770059182879	0.860767431907	0.645030894942	0.0	1.74245027237	1.76729359922	2.19390252918	2.37498406615	2.06969815175	2.01275871595	2.60404807393	2.54993171206	2.58321891051	2.53479138132	2.51980321012	2.46663344358	2.56294877432	2.53274714008	2.43790741245	2.55989315175	2.58014587549	2.57890645914	2.55242031128	2.58296723735	2.59493933852	2.35044225681	2.42257836576	2.44549192607	2.52799966926	2.3881070428	2.28723406615	2.24606597276	2.05911249027	2.12460605058	2.2282579572	2.39430830739	2.32972025292	2.41780356031	2.36797980545	2.38716136187	2.4709616537	2.19066782101	2.37051235409	2.07818142023	2.27252449416	2.27825019455	2.13016688716	2.22314571984	2.0620516537	2.01116402724	2.06971249027	2.26933533074	2.09246252918	2.48054048638	2.1369351751	2.28831110895	2.33402992218	2.53581525292	1.96271832685	2.45441038911	2.49993013619	2.60227171206	2.4664498249	2.71131922179	2.61843974708	2.78334214008	2.24423587549	2.58120029183	2.58046507782	2.57601961089
CF1	1.75655801556	1.48093735409	1.61538764591	1.27066680934	1.5139007393	1.17119303502	1.4585464786	1.76443599222	1.63206768482	1.59259922179	1.21770042802	1.46476953307	1.21414287938	1.53332980545	1.39876274319	1.71507472763	0.639161264591	0.476413268482	1.23953142023	1.11458058366	1.49942564202	1.06916206226	2.18900844358	2.2489670428	1.62075404669	1.74245027237	0.0	0.344632859922	0.831386459144	0.994241809339	0.648045233463	0.632574085603	1.73203468872	1.67668560311	1.72797108949	1.67403562257	1.69707180934	1.60602379377	1.69710305447	1.66993208171	1.60993142023	1.69190163424	1.80142754864	1.71767447471	1.70108922179	1.71465607004	1.72442762646	1.93484459144	1.74039066148	1.58515297665	1.69214321012	1.59433077821	1.53544231518	1.38785690661	1.56142894942	1.41738285992	1.38190698444	1.52081624514	1.60835955253	1.5848809144	1.57860984436	1.8536414786	1.63051060311	1.85167361868	2.10900503891	1.77921021401	1.66754044747	1.93468058366	1.78749626459	1.69408898833	1.68994577821	1.75995379377	1.68894980545	1.77945883268	1.74794513619	2.23783511673	1.81046712062	1.35319433852	1.99661229572	1.64250949416	1.75968933852	1.58713747082	1.63839772374	1.73970019455	1.56399145914	1.83947466926	1.72561570039	2.50297859922	1.37092883268	1.66485519455	1.67852842412	1.74381171206
CF2	1.6784627821	1.39458021401	1.59601922179	1.16900865759	1.49714554475	1.16205321012	1.38507031128	1.69666321012	1.5612392607	1.50506873541	1.18743963035	1.43715624514	1.09444682879	1.48759344358	1.33114167315	1.63870863813	0.685682840467	0.611110330739	1.25402093385	1.13181013619	1.45777807393	1.02948589494	2.22178589494	2.25055663424	1.65815655642	1.76729359922	0.344632859922	0.0	0.826806595331	1.02364607004	0.696531750973	0.68829881323	1.66788307393	1.61320126459	1.65660787938	1.61705038911	1.65339836576	1.54690560311	1.63802610895	1.61362735409	1.5840814786	1.62923266537	1.75705496109	1.65018282101	1.64422180934	1.65694780156	1.66409920233	1.95346142023	1.74905453307	1.55261097276	1.62681007782	1.60233857977	1.55175439689	1.41183089494	1.59990764591	1.44719003891	1.33780708171	1.52495910506	1.62896019455	1.53739976654	1.58564741245	1.86778963035	1.59784128405	1.84458784047	2.12213194553	1.83269175097	1.6083463035	1.96362044747	1.77868881323	1.63434391051	1.68614175097	1.81902859922	1.70703566148	1.71552122568	1.80117710117	2.25276319066	1.79773655642	1.29795085603	2.02231254864	1.57098453307	1.75142994163	1.53253589494	1.59728124514	1.66753807393	1.49191167315	1.75558780156	1.65960770428	2.45969904669	1.3564101751	1.60040688716	1.60517241245	1.70517406615
CG1	1.31445867704	1.2537355642	1.66333079767	1.02035233463	1.87651957198	1.58022311284	1.23443912451	1.50332307393	1.32428021401	1.32964587549	1.58369268482	1.90125392996	1.00822498054	1.41715206226	1.22178558366	1.36359655642	0.894952081712	0.852468793774	1.06518935798	0.868212529183	1.58776817121	1.29808856031	2.54965249027	2.65200182879	2.05373669261	2.19390252918	0.831386459144	0.826806595331	0.0	0.468671964981	0.678485194553	0.69584536965	1.54053274319	1.51508883268	1.32059498054	1.51264725681	1.33422764591	1.47023095331	1.555317607	1.51175850195	1.57665787938	1.55051108949	1.41818642023	1.51985821012	1.35090326848	1.51012342412	1.54392840467	1.9507363035	1.7208870428	1.59020359922	1.45933729572	1.60330011673	1.60882947471	1.51629161479	1.6697281323	1.55905822957	1.38059429961	1.58963951362	1.62937690661	1.39464690661	1.65317564202	1.86091618677	1.46145710117	1.6643122179	1.98647445525	1.76260772374	1.40082889105	1.9113855642	1.52541081712	1.40742435798	1.61212126459	1.91280667315	1.69546268482	1.59324498054	1.73079354086	2.07245107004	1.64118229572	1.46861464981	2.04969178988	1.33157252918	2.00478579767	1.37186175097	1.51187472763	1.53591933852	1.40761706226	1.65494809339	1.61480040856	2.30030023346	1.53065233463	1.56625624514	1.47725593385	1.66157070039
CG2	1.25813282101	1.26525523346	1.93717513619	1.26776254864	2.10629904669	1.78820114786	1.22614976654	1.44649861868	1.28323949416	1.30351838521	1.79475928016	2.10368608949	1.28561577821	1.70432398833	1.20902536965	1.31716412451	0.968813579767	0.978116789883	0.777388871595	0.578543054475	1.76956904669	1.45697375486	2.72915507782	2.82732461089	2.26185184825	2.37498406615	0.994241809339	1.02364607004	0.468671964981	0.0	0.664972217899	0.658469980545	1.58360455253	1.55087122568	1.38287157588	1.55653050584	1.4243336965	1.51698883268	1.59701389105	1.55181719844	1.61808097276	1.59211959144	1.543145	1.54580951362	1.41434192607	1.52316270428	1.57762694553	2.1053494358	1.8804772179	1.7205929572	1.42752011673	1.7393113035	1.75065241245	1.64079428016	1.83355153696	1.6957407393	1.49755723735	1.70917571984	1.78279486381	1.51189385214	1.77834332685	2.01663838521	1.60076988327	1.78116974708	2.15904042802	1.91396420233	1.53679490272	2.08123749027	1.6510427821	1.56006149805	1.72691922179	2.03326883268	1.80616990272	1.76619305447	1.87614756809	2.26521680934	1.69944523346	1.61472330739	2.17632702335	1.45249429961	2.16824986381	1.51589068093	1.6839733463	1.50216959144	1.38176357977	1.6253609144	1.57019509728	2.45880243191	1.71013009728	1.53340863813	1.66131054475	1.83086009728
