	CA7	CA8	CB7	CB8	CC7	CC8	CD7	CD8	CE7	CE8	CF7	CF8	CG7	CG8	CH7	CH8	CA1	CA2	CB1	CB2	CC1	CC2	CD1	CD2	CE1	CE2	CF1	CF2	CG1	CG2	CH1	CH2	CA5	CA6	CB5	CB6	CC5	CC6	CD6	CE5	CE6	CF5	CF6	CG5	CG6	CH5	CH6	CA11	CA12	CB11	CB12	CC11	CC12	CD11	CD12	CE11	CE12	CF11	CF12	CG11	CG12	CH11	CH12	CA3	CA4	CB3	CB4	CC4	CD3	CD4	CE4	CF3	CF4	CG3	CG4	CH3	CH4	CA9	CA10	CB9	CB10	CC9	CC10	CD9	CD10	CE9	CE10	CF9	CG9	CG10	CH9	CH10
CA7	0.0	0.456460564202	1.86796373541	0.852847198444	1.91357754864	1.50822330739	0.617953929961	0.328291789883	0.369295038911	0.483157898833	1.50776819066	1.86117566148	1.1953451751	1.40664391051	0.532698307393	0.213921867704	1.81596134241	1.82046003891	1.39375885214	1.35796939689	1.60283439689	1.53322315175	2.98813608949	3.03202163424	2.24745694553	2.57785212062	1.64283881323	1.67015348249	1.40398105058	1.34948169261	1.45505916342	1.57843873541	0.759487412451	0.730304785992	0.784891906615	0.720934299611	0.849223638132	0.754037645914	0.77299348249	0.794418015564	0.851291478599	0.800096595331	0.913530077821	0.682767217899	0.669580214008	0.786125914397	0.737442140078	1.77785542802	1.42763787938	1.05741346304	0.864954669261	1.1399616537	1.25077978599	1.17425807393	1.56611626459	1.27752896887	1.03347667315	1.21356511673	1.2729964786	0.975425953307	1.25078031128	1.57902379377	1.14646328794	1.45631389105	1.90636210117	1.72099007782	1.17116496109	1.78062315175	1.35218375486	1.29237280156	1.37398972763	1.76751404669	1.43926173152	1.53333223735	1.63692651751	1.99683782101	1.37600593385	1.2788068677	1.807517393	1.01451894942	1.8390216537	0.876713151751	0.959347490272	0.661124785992	0.710044377432	0.673656342412	0.708930603113	1.95770402724	1.23594859922	0.805659241245	1.04401400778	1.3563261284
CA8	0.456460564202	0.0	1.82526737354	0.805522782101	1.70646826848	1.27256087549	0.479766673152	0.509292821012	0.495754863813	0.379842548638	1.3138263035	1.67488801556	1.1445264786	1.40087124514	0.280682568093	0.43147963035	1.62541603113	1.62980083658	1.4364511284	1.3347536965	1.54614383268	1.44318297665	2.81420217899	2.87345741245	2.09139610895	2.41886245136	1.46736322957	1.50447392996	1.39870811284	1.33847801556	1.29695206226	1.41299719844	0.755451245136	0.717807840467	0.899266750973	0.725318365759	0.967541984436	0.757306770428	0.761737821012	0.777785272374	0.843956284047	0.778697937743	1.02435558366	0.687310544747	0.792089922179	0.777044688716	0.720937412451	1.77967696498	1.45814723735	1.06199317121	0.836490953307	1.17624233463	1.22302680934	1.11964863813	1.49848371595	1.21504178988	1.04737560311	1.24779649805	1.28249688716	0.922565700389	1.262847607	1.59851050584	1.11982688716	1.49367632296	1.92840585603	1.73877095331	1.20626848249	1.79369025292	1.35577614786	1.31085865759	1.35551717899	1.75317608949	1.45094070039	1.51392980545	1.66492933852	2.01678208171	1.45243614786	1.09991050584	1.81855464981	0.954196673152	1.67765163424	0.902961498054	0.97164692607	0.626149163424	0.662503501946	0.622888540856	0.568160038911	2.01820058366	1.05705099222	0.668053151751	0.986150019455	1.29686451362
CB7	1.86796373541	1.82526737354	0.0	1.30911241245	1.25417241245	1.22150077821	1.72687202335	1.95981206226	2.03409243191	1.80378140078	1.21602321012	1.26219550584	1.03986322957	0.700390291829	1.82636118677	1.88288976654	1.84434433852	1.74880832685	2.43330807393	2.33317398833	1.2961433463	1.40655614786	2.15195764591	2.20943252918	1.3332157393	1.66034095331	1.69820297665	1.62172371595	1.63860669261	2.04449826848	2.05184079767	1.93567608949	2.09851807393	2.10706980545	1.74009715953	2.08026118677	1.65374601167	1.98021558366	2.04134192607	2.00556918288	2.02629568093	2.03548025292	1.57252649805	2.05075243191	1.80368585603	2.03779614786	2.1395270428	1.55174815175	1.46619180934	1.68994214008	1.90251821012	1.6177705642	1.69136476654	1.5192031323	1.41291101167	1.50195060311	1.54101348249	1.6300042607	1.6032161284	1.84976085603	1.69391291829	1.49942036965	1.70091250973	1.63456276265	1.41394046693	1.53620712062	1.32331212062	1.33415595331	1.70071994163	1.24170474708	1.72601599222	1.6987881323	1.7132113035	1.21322924125	1.65170643969	1.52360066148	1.74399305447	1.79694593385	1.70602735409	1.76008696498	1.62272262646	1.67726700389	1.60760398833	2.02132093385	2.0170735214	2.12614105058	2.01334745136	1.73363749027	1.7208322179	2.08947227626	1.6622881323	1.53277169261
CB8	0.852847198444	0.805522782101	1.30911241245	0.0	1.47887754864	1.09850354086	0.793007937743	0.964248832685	1.01920671206	0.789042140078	1.08711632296	1.46611208171	0.652557042802	0.89046422179	0.80758266537	0.865098249027	1.40651959144	1.38658031128	1.67751297665	1.52333142023	1.19779245136	1.11034303502	2.54709830739	2.5838692607	1.80533959144	2.15218177043	1.23626258755	1.2910016537	1.04138385214	1.19896546693	1.40183717899	1.32411379377	1.0766220428	1.07555007782	0.868228326848	1.07421659533	0.92323344358	1.00537243191	1.04947873541	1.02331229572	1.06846124514	1.04075970817	0.968912451362	1.03458068093	0.837547762646	1.02466190661	1.10519241245	1.63068180934	1.32547406615	0.999346303502	1.11817836576	1.07805729572	1.18428138132	1.03422912451	1.32961245136	1.14726511673	0.949677373541	1.13983994163	1.19671383268	1.10233046693	1.18906976654	1.48991449416	1.04520640078	1.40368276265	1.73762377432	1.49261719844	1.09292558366	1.6053629572	1.32923293774	1.13265957198	1.39278552529	1.62854070039	1.38168282101	1.35314134241	1.51381219844	1.82624081712	1.39098118677	1.11062402724	1.70257229572	1.02555770428	1.59518643969	0.823092490272	0.874200097276	1.07044077821	1.05006437743	1.16467712062	1.04102192607	1.91489507782	1.02954108949	1.16709262646	0.973883696498	1.26308394942
CC7	1.91357754864	1.70646826848	1.25417241245	1.47887754864	0.0	0.682014785992	1.5733281323	1.95192019455	1.99047052529	1.71370634241	0.713213365759	0.537554066148	1.20926097276	1.27451916342	1.64945391051	1.89929214008	1.46743356031	1.51013463035	2.32666990272	2.29368791829	1.46293754864	1.41241797665	1.45906103113	1.52403996109	0.828999513619	1.01859624514	1.52699305447	1.46317873541	1.83344731518	2.13786036965	1.94588305447	1.77960107004	1.95765535019	1.94477322957	2.00299350195	1.97220383268	1.9588416537	1.93065215953	1.93331344358	1.91968622568	1.88937338521	1.88459616732	1.97266163424	1.94894523346	2.03182492218	1.91478988327	1.97352412451	1.88577671206	1.90877013619	1.81333579767	1.90406922179	1.87599978599	1.75591324903	1.6063520428	1.52639198444	1.63897433852	1.7299694358	1.83451262646	1.82554196498	1.83226019455	1.83924315175	1.78953114786	1.87475636187	1.99086848249	2.20421692607	1.91876459144	1.69661889105	2.08459311284	1.86695892996	1.72112610895	1.82209035019	1.88572961089	1.89402651751	1.84440321012	1.91553822957	2.31247525292	1.94845628405	1.62060589494	1.95083657588	1.9062277821	1.35567309339	1.86805715953	1.93730243191	1.86024859922	1.85436912451	1.98806894942	1.93890231518	2.26108998054	1.58763575875	1.84968332685	1.89327105058	1.9291720428
CC8	1.50822330739	1.27256087549	1.22150077821	1.09850354086	0.682014785992	0.0	1.21422937743	1.54093155642	1.5520927821	1.27029354086	0.451073365759	0.688517840467	0.877972217899	1.00689134241	1.22972741245	1.48068536965	1.21676714008	1.20923867704	2.03886780156	1.94813515564	1.21399821012	1.07667856031	1.83273161479	1.90195089494	1.07757784047	1.40278885214	1.22445900778	1.12889340467	1.47782420233	1.77459468872	1.65473503891	1.42900947471	1.60452285992	1.60528587549	1.60206245136	1.60343531128	1.56808511673	1.54059570039	1.56236861868	1.5345281323	1.51797505837	1.53737698444	1.57799548638	1.56895589494	1.62816585603	1.53800357977	1.61502525292	1.70645791829	1.51361309339	1.4260959144	1.54392272374	1.45261005837	1.35289970817	1.16237161479	1.26072871595	1.21660472763	1.31942507782	1.42545663424	1.40344877432	1.47557595331	1.41760883268	1.56133935798	1.48935107004	1.74375322957	1.949067393	1.66200891051	1.41775068093	1.81427583658	1.61221134241	1.45130011673	1.55137719844	1.68017552529	1.6138516537	1.58898375486	1.66412892996	2.06311373541	1.72539885214	1.19228998054	1.77630618677	1.47403035019	1.18810822957	1.40847392996	1.47218208171	1.43880809339	1.42014068093	1.52147735409	1.4450161284	2.08209959144	1.12143891051	1.41023266537	1.43891151751	1.52285005837
CD7	0.617953929961	0.479766673152	1.72687202335	0.793007937743	1.5733281323	1.21422937743	0.0	0.591482723735	0.582962120623	0.378915447471	1.19626418288	1.58604492218	1.01920338521	1.29264169261	0.454709902724	0.589217976654	1.54466764591	1.52484626459	1.45262149805	1.37738289883	1.48902879377	1.48715564202	2.68981196498	2.72340490272	1.9329686965	2.27108138132	1.38410605058	1.48308959144	1.23672747082	1.38498939689	1.36623659533	1.29342643969	0.885868579767	0.852367042802	1.02608634241	0.87002881323	1.08407873541	0.8910142607	0.892829552529	0.909937782101	0.98370155642	0.914016712062	1.14718108949	0.818312509728	0.923092315175	0.909480428016	0.862373463035	1.79929243191	1.51745970817	1.13317610895	0.943779377432	1.240592393	1.3318490856	1.12947208171	1.4877311284	1.27489710117	1.13630048638	1.29669212062	1.33493589494	1.03547844358	1.32703346304	1.6634105642	1.22882414397	1.61323692607	2.04925972763	1.76913731518	1.32135966926	1.91405669261	1.44308854086	1.42520447471	1.45422252918	1.80648198444	1.53943398833	1.65141970817	1.73465422179	2.12817400778	1.54518791829	1.120025	1.88071163424	1.07056490272	1.63627410506	0.924293657588	1.00735496109	0.665753774319	0.648355856031	0.786499610895	0.688554727626	2.08909437743	1.06073392996	0.866535817121	1.0651777821	1.43419192607
CD8	0.328291789883	0.509292821012	1.95981206226	0.964248832685	1.95192019455	1.54093155642	0.591482723735	0.0	0.282649474708	0.479167354086	1.54378959144	1.92684601167	1.30598377432	1.54064749027	0.546947529183	0.290208638132	1.81823710117	1.82835533074	1.41752916342	1.40690317121	1.65626509728	1.57965824903	3.01191671206	3.04789883268	2.25350846304	2.58984717899	1.65093745136	1.69149375486	1.47993933852	1.42711064202	1.46850756809	1.57667896887	0.749078229572	0.723665447471	0.831883463035	0.696056284047	0.878609941634	0.732291381323	0.74113885214	0.770704941634	0.846794241245	0.782613832685	0.956596459144	0.660637062257	0.700362898833	0.779446498054	0.747912023346	1.77569920233	1.46623624514	1.12270937743	0.893112140078	1.16355188716	1.27075110895	1.19710169261	1.57727540856	1.26844367704	1.04821608949	1.22981865759	1.30600184825	1.00427225681	1.29095256809	1.61464636187	1.18196640078	1.48321311284	1.91854	1.72409992218	1.20194363813	1.80783081712	1.37665223735	1.31919548638	1.3531059144	1.77511972763	1.43587071984	1.54609877432	1.64197799611	1.98559389105	1.37319071984	1.2843416537	1.85567680934	1.03557307393	1.85609682879	0.883249377432	0.975509124514	0.607719649805	0.678110603113	0.647101595331	0.652430914397	2.02555511673	1.24456840467	0.783279902724	1.07824844358	1.39017036965
CE7	0.369295038911	0.495754863813	2.03409243191	1.01920671206	1.99047052529	1.5520927821	0.582962120623	0.282649474708	0.0	0.482977918288	1.55267984436	1.97563190661	1.33165756809	1.57289435798	0.557154085603	0.360284922179	1.84632988327	1.87816219844	1.48738840467	1.45003595331	1.6552927821	1.60211651751	3.06990486381	3.10526616732	2.28489715953	2.63849657588	1.69597108949	1.69615466926	1.5100216537	1.48629929961	1.50164233463	1.63557046693	0.695272918288	0.672223599222	0.802926906615	0.656980350195	0.86291385214	0.685505175097	0.70021688716	0.721076634241	0.800838035019	0.742371595331	0.936636712062	0.615243424125	0.691040933852	0.727483015564	0.695937840467	1.72850501946	1.42464669261	1.07018391051	0.842304533074	1.12243863813	1.23023579767	1.14900171206	1.53236616732	1.22864797665	1.03485688716	1.19244645914	1.23685525292	0.954178891051	1.23810009728	1.58866182879	1.12979291829	1.4606335214	1.88904036965	1.71407815175	1.19277046693	1.79047643969	1.35725428016	1.3271998249	1.33582733463	1.75027581712	1.40557894942	1.5371133463	1.6373429572	1.96027865759	1.40049785992	1.24350155642	1.81872667315	1.00304682879	1.83075151751	0.828831225681	0.932655019455	0.539400291829	0.576506770428	0.572805933852	0.580814785992	1.97928	1.19423963035	0.743240622568	1.03099005837	1.35656206226
CE8	0.483157898833	0.379842548638	1.80378140078	0.789042140078	1.71370634241	1.27029354086	0.378915447471	0.479167354086	0.482977918288	0.0	1.29730258755	1.66091974708	1.09419058366	1.38744348249	0.392383054475	0.508489455253	1.6346468677	1.63822365759	1.38561593385	1.33124955253	1.48920431907	1.43645933852	2.82038173152	2.8678251751	2.0493794358	2.40461811284	1.46149904669	1.49965807393	1.35496871595	1.33216861868	1.33279437743	1.41460655642	0.829729747082	0.794999416342	0.959080622568	0.81528348249	1.0172886965	0.824843715953	0.832129708171	0.85996385214	0.919909727626	0.862960719844	1.08168050584	0.765925544747	0.849961420233	0.853909805447	0.800415992218	1.70783752918	1.4604213035	1.07087167315	0.880594124514	1.17858675097	1.25107749027	1.04469149805	1.43989249027	1.16854422179	1.03692643969	1.23274900778	1.25171414397	0.964029688716	1.25947373541	1.58517021401	1.14750959144	1.52708821012	1.96914311284	1.69288404669	1.23640892996	1.84386315175	1.35885503891	1.35763809339	1.36820315175	1.73882525292	1.45957367704	1.56612383268	1.65435472763	2.06564447471	1.47419344358	1.12921414397	1.79781898833	0.986013229572	1.6655609144	0.856444202335	0.955515856031	0.587413385214	0.598877568093	0.667864824903	0.601627101167	2.05114103113	1.04662217899	0.749627062257	1.0109059144	1.37274418288
CF7	1.50776819066	1.3138263035	1.21602321012	1.08711632296	0.713213365759	0.451073365759	1.19626418288	1.54378959144	1.55267984436	1.29730258755	0.0	0.735768521401	0.980607256809	0.949638832685	1.25653451362	1.50056289883	1.21935894942	1.21160733463	2.02981385214	1.93943178988	1.13343402724	1.00722951362	1.89451038911	1.94796990272	1.127587393	1.43461217899	1.20220494163	1.12162272374	1.4953764786	1.77760054475	1.63165447471	1.42680614786	1.61467821012	1.60690367704	1.59637535019	1.61448498054	1.56198898833	1.54344070039	1.57641599222	1.54378799611	1.52136527237	1.53975536965	1.56717048638	1.57727120623	1.62772066148	1.55160554475	1.62387243191	1.56506894942	1.50032031128	1.40784562257	1.53590920233	1.43307789883	1.33685214008	1.14829536965	1.15912550584	1.18666108949	1.29669614786	1.39677762646	1.38564575875	1.44455383268	1.39211990272	1.42198785992	1.48717509728	1.67233328794	1.87380651751	1.56071507782	1.35021396887	1.74085959144	1.55046653696	1.38361297665	1.47210285992	1.57434472763	1.53843673152	1.50489439689	1.5616936965	1.98918546693	1.65160400778	1.20804727626	1.63978118677	1.48420503891	1.24187657588	1.39631371595	1.48876953307	1.45564285992	1.42809906615	1.55575348249	1.45009727626	2.01122124514	1.14652250973	1.45416178988	1.46184554475	1.50697906615
CF8	1.86117566148	1.67488801556	1.26219550584	1.46611208171	0.537554066148	0.688517840467	1.58604492218	1.92684601167	1.97563190661	1.66091974708	0.735768521401	0.0	1.1635542607	1.27775571984	1.64044536965	1.87376212062	1.49049840467	1.51662223735	2.32387105058	2.29535750973	1.52886402724	1.40486850195	1.53739684825	1.60280391051	0.890203735409	1.07997066148	1.49556645914	1.43418894942	1.82709289883	2.12333011673	1.90257202335	1.76218381323	1.91924622568	1.92516749027	1.991975	1.95111256809	1.95036416342	1.89853404669	1.88195276265	1.89029585603	1.84585410506	1.86819256809	1.96494799611	1.9156533463	1.99689653696	1.88036616732	1.93619449416	1.92704848249	1.83722735409	1.78041068093	1.86599854086	1.81278151751	1.6957311284	1.51463256809	1.50323457198	1.56954494163	1.66002159533	1.76341618677	1.77598365759	1.80039033074	1.77559321012	1.80248770428	1.81731070039	2.04669200389	2.28181519455	1.95323305447	1.77370159533	2.13653301556	1.91619533074	1.79246955253	1.86330398833	1.91513558366	1.94338019455	1.92816319066	1.9583936965	2.38533912451	2.00943536965	1.60640311284	2.00422624514	1.85822772374	1.33068027237	1.83845099222	1.91090143969	1.84953348249	1.83376996109	1.93942819066	1.88318284047	2.31372163424	1.55087060311	1.84897249027	1.86386597276	1.94171284047
CG7	1.1953451751	1.1445264786	1.03986322957	0.652557042802	1.20926097276	0.877972217899	1.01920338521	1.30598377432	1.33165756809	1.09419058366	0.980607256809	1.1635542607	0.0	0.700619357977	1.15144192607	1.21918560311	1.32925752918	1.30392595331	1.92223605058	1.7937327821	1.17656552529	1.15928622568	2.25969959144	2.32500171206	1.5437116537	1.8619272179	1.27274118677	1.3458657393	1.06151964981	1.50640900778	1.64973698444	1.46172005837	1.44296289883	1.45173190661	1.11854953307	1.45323359922	1.11444928016	1.34502854086	1.40279896887	1.35504291829	1.36351836576	1.38996947471	1.14807910506	1.40647733463	1.17742375486	1.38568412451	1.48279280156	1.65235803502	1.36742741245	1.23169377432	1.40480159533	1.18211177043	1.27960892996	1.07965729572	1.33048447471	1.18980566148	1.0309357393	1.20602227626	1.25270122568	1.37749400778	1.27390287938	1.52254149805	1.27158013619	1.50070361868	1.77716085603	1.564807393	1.2350668677	1.62187529183	1.51215118677	1.26550011673	1.55631463035	1.72227957198	1.53952931907	1.42435931907	1.61420678988	1.87000280156	1.54705507782	1.22073079767	1.76500322957	1.26211809339	1.44933881323	1.10136322957	1.10638978599	1.36124346304	1.33631865759	1.46334626459	1.35007768482	1.97822472763	1.12707178988	1.48863772374	1.22633299611	1.34003830739
CG8	1.40664391051	1.40087124514	0.700390291829	0.89046422179	1.27451916342	1.00689134241	1.29264169261	1.54064749027	1.57289435798	1.38744348249	0.949638832685	1.27775571984	0.700619357977	0.0	1.39641346304	1.44161706226	1.51381638132	1.49284250973	2.06321276265	1.94148536965	1.14738367704	1.14238052529	2.32494552529	2.39821601167	1.56750770428	1.90960062257	1.40837599222	1.39531182879	1.320575	1.69185023346	1.77258821012	1.59650929961	1.62261307393	1.62295044747	1.27604585603	1.61604171206	1.1886692607	1.51864256809	1.58001284047	1.53052227626	1.54964589494	1.56054918288	1.0979216537	1.57578140078	1.34703972763	1.55778558366	1.67187301556	1.50539225681	1.1946588716	1.38521640078	1.54737445525	1.29699066148	1.38374062257	1.18940782101	1.23913464981	1.19498256809	1.17708182879	1.30440245136	1.30303564202	1.53916025292	1.38670912451	1.36588587549	1.38141692607	1.4639386965	1.40302188716	1.43959616732	1.12241299611	1.27315752918	1.54122848249	1.06678122568	1.59175258755	1.64007608949	1.57679494163	1.12491980545	1.5371511284	1.50314468872	1.56721758755	1.45846661479	1.6979838716	1.38003138132	1.58397883268	1.24658865759	1.18038521401	1.62538083658	1.5908988716	1.70135605058	1.59896821012	1.68721307393	1.38701986381	1.71037416342	1.27612756809	1.27316151751
CH7	0.532698307393	0.280682568093	1.82636118677	0.80758266537	1.64945391051	1.22972741245	0.454709902724	0.546947529183	0.557154085603	0.392383054475	1.25653451362	1.64044536965	1.15144192607	1.39641346304	0.0	0.494278463035	1.57670976654	1.58960083658	1.42050466926	1.31274163424	1.51586710117	1.43171079767	2.78939412451	2.83043566148	2.03794136187	2.36821031128	1.44391552529	1.47033245136	1.37440885214	1.32803171206	1.26077389105	1.36700105058	0.77948770428	0.742758968872	0.946409319066	0.76281766537	1.00748463035	0.795991245136	0.788126342412	0.811729357977	0.874370992218	0.800211322957	1.07154640078	0.733694085603	0.850328871595	0.800059163424	0.749236673152	1.78937964981	1.49240256809	1.10225892996	0.874494377432	1.2230763035	1.26158459144	1.11342727626	1.49650892996	1.23469124514	1.0902633463	1.28324077821	1.33006264591	0.955816361868	1.29365756809	1.63332509728	1.15864171206	1.5263916537	1.95633725681	1.70500605058	1.23626346304	1.81075951362	1.37487190661	1.35327348249	1.38289935798	1.73472496109	1.46934610895	1.5627163035	1.6516555642	2.02476060311	1.4722344358	1.04533894942	1.84334149805	1.00508461089	1.63170214008	0.915723171206	0.999177976654	0.60239885214	0.626561400778	0.654476089494	0.60173922179	2.04405299611	1.03679391051	0.634221245136	1.01631344358	1.34455124514
CH8	0.213921867704	0.43147963035	1.88288976654	0.865098249027	1.89929214008	1.48068536965	0.589217976654	0.290208638132	0.360284922179	0.508489455253	1.50056289883	1.87376212062	1.21918560311	1.44161706226	0.494278463035	0.0	1.81458566148	1.81382618677	1.40900321012	1.35631655642	1.61348252918	1.51678692607	2.99509367704	3.04634638132	2.25042663424	2.58349857977	1.6344486965	1.66599371595	1.4126507393	1.38003678988	1.46066223735	1.57253029183	0.774691459144	0.73127459144	0.800171400778	0.71245729572	0.859449513619	0.756474766537	0.778495	0.794133735409	0.865242645914	0.794415272374	0.927989533074	0.683368579767	0.697511692607	0.785069571984	0.741262062257	1.76220060311	1.41160702335	1.03695961089	0.835939338521	1.12294970817	1.20768675097	1.15752250973	1.54995918288	1.2542316537	1.03466429961	1.19423616732	1.2458716537	0.953495058366	1.22187252918	1.56788480545	1.11911861868	1.44145801556	1.9123470428	1.72214256809	1.16544332685	1.77369007782	1.33452258755	1.27373190661	1.36039256809	1.74114299611	1.42534173152	1.4891027821	1.63517009728	1.98830832685	1.35999461089	1.2554305642	1.79938929961	0.989802879377	1.82842208171	0.877379027237	0.948058385214	0.616213735409	0.690453638132	0.634202996109	0.654889163424	1.95989114786	1.21934435798	0.765431264591	1.00629680934	1.30976892996
CA1	1.81596134241	1.62541603113	1.84434433852	1.40651959144	1.46743356031	1.21676714008	1.54466764591	1.81823710117	1.84632988327	1.6346468677	1.21935894942	1.49049840467	1.32925752918	1.51381638132	1.57670976654	1.81458566148	0.0	0.362350175097	1.21523828794	1.15024871595	1.63610153696	1.15046169261	2.22222311284	2.21378324903	1.54461513619	1.80203762646	0.584534474708	0.738695836576	0.878678346304	0.983527354086	0.927753657588	0.710237626459	1.80563782101	1.8134198249	1.84163001946	1.79855280156	1.79991922179	1.75435859922	1.76148136187	1.73803169261	1.74289488327	1.74058540856	1.86483052529	1.79858077821	1.84655552529	1.76574690661	1.85481585603	2.18574688716	1.97978696498	1.7907486965	1.94230527237	1.81586023346	1.774352607	1.59202120623	1.77049243191	1.69673680934	1.65351708171	1.8234136965	1.86399891051	1.86316496109	1.82327710117	2.06931719844	1.90838249027	1.92241562257	2.17337464981	1.96154095331	1.78812513619	2.03943083658	1.79137330739	1.78164784047	1.74500667315	2.01319916342	1.80881859922	1.95040264591	1.91170708171	2.26823873541	1.92712649805	1.51419420233	2.23275562257	1.8012501751	1.79970618677	1.74221496109	1.82116077821	1.78130970817	1.72421206226	1.84969270428	1.79470389105	2.48018684825	1.49317048638	1.74265856031	1.81098356031	1.81500466926
CA2	1.82046003891	1.62980083658	1.74880832685	1.38658031128	1.51013463035	1.20923867704	1.52484626459	1.82835533074	1.87816219844	1.63822365759	1.21160733463	1.51662223735	1.30392595331	1.49284250973	1.58960083658	1.81382618677	0.362350175097	0.0	1.19087492218	1.13755682879	1.61299560311	1.12978155642	2.24878538911	2.25816536965	1.57749682879	1.83782830739	0.548479202335	0.725195622568	0.839813968872	0.987146206226	0.898638424125	0.669434027237	1.84516717899	1.85375463035	1.85489747082	1.82473741245	1.80519340467	1.7712164786	1.79696274319	1.75861042802	1.78351754864	1.781425	1.86822595331	1.81381099222	1.86319826848	1.79817108949	1.89691898833	2.14440464981	1.95176036965	1.77988198444	1.9249922179	1.79109254864	1.74629694553	1.5589327821	1.73037513619	1.67426457198	1.63199394942	1.79781947471	1.82792068093	1.85796766537	1.79292700389	2.05127367704	1.89172885214	1.9020885214	2.13342610895	1.93562206226	1.79372749027	1.98419291829	1.77334558366	1.78184416342	1.72795603113	1.9455466537	1.79979608949	1.93398749027	1.87420250973	2.25941642023	1.90089044747	1.53337075875	2.19402350195	1.80230217899	1.78311924125	1.71519237354	1.7905601751	1.80165357977	1.78107710117	1.88192797665	1.81114126459	2.47871675097	1.48826272374	1.76186877432	1.80798241245	1.80550383268
CB1	1.39375885214	1.4364511284	2.43330807393	1.67751297665	2.32666990272	2.03886780156	1.45262149805	1.41752916342	1.48738840467	1.38561593385	2.02981385214	2.32387105058	1.92223605058	2.06321276265	1.42050466926	1.40900321012	1.21523828794	1.19087492218	0.0	0.326330038911	2.15060488327	1.68201064202	3.04616634241	3.07896678988	2.39940680934	2.6739377821	1.14928536965	1.33101171206	1.0942031323	0.731083735409	0.725451400778	0.861138404669	1.66780758755	1.65837507782	1.74096324903	1.64839342412	1.74943105058	1.63106552529	1.66614684825	1.65521550584	1.73757951362	1.68887097276	1.82109184825	1.63906385214	1.67907357977	1.6877105642	1.68113756809	2.38584319066	2.17094758755	1.81820449416	1.61575394942	1.95319902724	1.99887949416	1.89442470817	2.15275842412	1.99741143969	1.88156225681	2.00868143969	2.07160996109	1.74756535019	2.03659270428	2.29407914397	1.91100536965	1.97955188716	2.45441764591	2.23772947471	1.90286155642	2.28023488327	1.87674373541	1.99182258755	1.8923783463	2.21053071984	1.9895618677	2.21353066148	2.16574093385	2.53935725681	1.89019747082	1.91902922179	2.43680036965	1.83406013619	2.40093937743	1.75380515564	1.82580945525	1.48565822957	1.49997198444	1.59380519455	1.62389747082	2.71603229572	1.89713698444	1.53306618677	1.87398729572	2.14720871595
CB2	1.35796939689	1.3347536965	2.33317398833	1.52333142023	2.29368791829	1.94813515564	1.37738289883	1.40690317121	1.45003595331	1.33124955253	1.93943178988	2.29535750973	1.7937327821	1.94148536965	1.31274163424	1.35631655642	1.15024871595	1.13755682879	0.326330038911	0.0	1.99566075875	1.55031021401	3.0423448249	3.04657503891	2.34394680934	2.62961233463	1.09771116732	1.2772336965	0.961211381323	0.576869143969	0.69568	0.783917976654	1.63580614786	1.62612667315	1.64127865759	1.61480513619	1.65167762646	1.59964198444	1.62951330739	1.62367515564	1.70413850195	1.65599657588	1.71858741245	1.60517198444	1.58111906615	1.65608857977	1.65021036965	2.27212077821	2.06088618677	1.70512671206	1.5176505642	1.85676081712	1.9044014786	1.82934922179	2.073172393	1.91990439689	1.82262533074	1.90419392996	1.95981299611	1.66514406615	1.9291938716	2.18308322957	1.80432276265	1.86322799611	2.33154678988	2.11949270428	1.7653451751	2.16814570039	1.76167937743	1.87089632296	1.78779756809	2.13431515564	1.85846536965	2.0844444358	2.0629222179	2.41833461089	1.80429019455	1.86782603113	2.33262110895	1.73206702335	2.33367595331	1.66543780156	1.73176968872	1.49677959144	1.49401859922	1.5719094358	1.53215731518	2.59153914397	1.81174472763	1.49963782101	1.769825	2.03984396887
CC1	1.60283439689	1.54614383268	1.2961433463	1.19779245136	1.46293754864	1.21399821012	1.48902879377	1.65626509728	1.6552927821	1.48920431907	1.13343402724	1.52886402724	1.17656552529	1.14738367704	1.51586710117	1.61348252918	1.63610153696	1.61299560311	2.15060488327	1.99566075875	0.0	0.8170692607	2.49985492218	2.55880326848	1.62294332685	2.03357655642	1.49907550584	1.34992309339	1.53502898833	1.73989776265	1.79340021401	1.70194546693	1.74973391051	1.74292474708	1.50927918288	1.7371101751	1.45084507782	1.65492367704	1.71893542802	1.65395007782	1.67777599222	1.68007881323	1.44937007782	1.71443690661	1.53811472763	1.68814019455	1.78083867704	1.20899978599	1.32706359922	1.29754587549	1.56145941634	1.30583344358	1.20897301556	1.09246974708	0.95806922179	1.07480107004	1.18965655642	1.29016153696	1.22439258755	1.47167871595	1.26002525292	1.21569488327	1.39025892996	1.42846190661	1.56957128405	1.11317754864	1.10657624514	1.43139883268	1.29959071984	1.10592027237	1.27263143969	1.24023988327	1.2668368677	1.20725698444	1.1410194358	1.68193949416	1.45174476654	1.10137620623	1.35223929961	1.42331509728	1.11016671206	1.29989560311	1.35553356031	1.63915898833	1.59422379377	1.71518828794	1.52874087549	1.84155001946	1.08699233463	1.53769013619	1.4107829572	1.40968675097
CC2	1.53322315175	1.44318297665	1.40655614786	1.11034303502	1.41241797665	1.07667856031	1.48715564202	1.57965824903	1.60211651751	1.43645933852	1.00722951362	1.40486850195	1.15928622568	1.14238052529	1.43171079767	1.51678692607	1.15046169261	1.12978155642	1.68201064202	1.55031021401	0.8170692607	0.0	2.32686219844	2.36281396887	1.4390564786	1.8174635214	0.933537023346	0.748607529183	1.27826385214	1.30303966926	1.31207651751	1.28032784047	1.68975815175	1.69032505837	1.50312859922	1.67461274319	1.44143009728	1.59291005837	1.65354492218	1.59304525292	1.62663696498	1.63198332685	1.46452330739	1.65199044747	1.5236831323	1.63264272374	1.7425729572	1.3676901751	1.35241398833	1.25349050584	1.48588929961	1.29678729572	1.19455048638	1.06486974708	1.06302264591	1.06615079767	1.12601916342	1.29079896887	1.24891531128	1.38499217899	1.28241922179	1.29668297665	1.37466912451	1.46418910506	1.66168	1.28554132296	1.22822161479	1.50361708171	1.3221620428	1.22842249027	1.2548618677	1.26111871595	1.29015449416	1.36775033074	1.27813881323	1.76858459144	1.46122854086	1.18267861868	1.42802042802	1.43159175097	1.34736935798	1.33396525292	1.41211301556	1.62696894942	1.56013593385	1.67171163424	1.51095733463	1.97565118677	1.19770311284	1.52063558366	1.47986797665	1.45938464981
CD1	2.98813608949	2.81420217899	2.15195764591	2.54709830739	1.45906103113	1.83273161479	2.68981196498	3.01191671206	3.06990486381	2.82038173152	1.89451038911	1.53739684825	2.25969959144	2.32494552529	2.78939412451	2.99509367704	2.22222311284	2.24878538911	3.04616634241	3.0423448249	2.49985492218	2.32686219844	0.0	0.426393171206	1.33496054475	0.725910817121	2.36840245136	2.31540486381	2.65854628405	2.89747210117	2.78222754864	2.57513673152	2.97194809339	2.98353597276	3.00991562257	2.97426396887	2.93451968872	2.91864957198	2.93964237354	2.91131784047	2.92032659533	2.91242066148	2.97481881323	2.96812178988	3.0191544358	2.94328577821	3.02724223735	2.92284338521	3.03874385214	2.97305632296	3.07913445525	2.98640560311	2.92124354086	2.74805727626	2.63479107004	2.76642326848	2.83697972763	2.98435019455	2.97882190661	3.0412713035	2.982517607	2.93175575875	3.06281338521	2.42473134241	2.64801531128	2.49532324903	2.70701848249	2.52922068093	2.37153871595	2.69104702335	2.3409598249	2.49315998054	2.38894124514	2.77784758755	2.44476945525	2.74258173152	2.38012583658	2.77838245136	2.90022188716	3.04259180934	2.44228015564	2.90659142023	3.01998276265	3.02697725681	2.9959640856	3.1247431323	3.06992058366	3.18740217899	2.74801978599	3.01677031128	3.03552885214	3.06229867704
CD2	3.03202163424	2.87345741245	2.20943252918	2.5838692607	1.52403996109	1.90195089494	2.72340490272	3.04789883268	3.10526616732	2.8678251751	1.94796990272	1.60280391051	2.32500171206	2.39821601167	2.83043566148	3.04634638132	2.21378324903	2.25816536965	3.07896678988	3.04657503891	2.55880326848	2.36281396887	0.426393171206	0.0	1.34727270428	0.76370270428	2.38680488327	2.3532998249	2.66544505837	2.90317317121	2.82855538911	2.6073120428	3.01404219844	3.02436268482	3.06051945525	3.01274819066	2.98300702335	2.96438021401	2.97928768482	2.95318330739	2.96005669261	2.95181188716	3.0198188716	3.00989114786	3.07068282101	2.98388750973	3.06677805447	3.00300371595	3.12560379377	3.06290252918	3.16975626459	3.06084593385	3.00061714008	2.82793033074	2.71384782101	2.84873040856	2.92005772374	3.05541892996	3.04798885214	3.11787603113	3.06460272374	3.00667772374	3.14808464981	2.51124914397	2.73861972763	2.56765980545	2.76035180934	2.62220042802	2.45008955253	2.74955634241	2.39723396887	2.58786478599	2.47502480545	2.84351371595	2.53480375486	2.82976918288	2.4672042607	2.82009184825	2.98226105058	3.09825871595	2.48742134241	2.98516490272	3.07765103113	3.0634485214	3.02142457198	3.17041653696	3.10977924125	3.23221208171	2.79326319066	3.06192134241	3.08769618677	3.11607173152
CE1	2.24745694553	2.09139610895	1.3332157393	1.80533959144	0.828999513619	1.07757784047	1.9329686965	2.25350846304	2.28489715953	2.0493794358	1.127587393	0.890203735409	1.5437116537	1.56750770428	2.03794136187	2.25042663424	1.54461513619	1.57749682879	2.39940680934	2.34394680934	1.62294332685	1.4390564786	1.33496054475	1.34727270428	0.0	0.785419066148	1.56361284047	1.45261735409	1.87338157588	2.18095357977	1.96642723735	1.82670128405	2.2637992607	2.26945060311	2.28704324903	2.25589863813	2.20867007782	2.20437171206	2.21065486381	2.19373196498	2.19861414397	2.19616085603	2.24642040856	2.24536867704	2.29675237354	2.221547607	2.31291857977	1.87644945525	2.00330750973	1.9341320428	2.22949850195	1.91085614786	1.88879747082	1.78804101167	1.57596643969	1.72973338521	1.81624972763	1.90811536965	1.88797642023	2.04463663424	1.93574787938	1.86489988327	2.02291805447	2.04127243191	2.24333694553	1.8707031323	1.97635357977	2.10368480545	1.93181093385	1.98063597276	1.84188138132	1.73174990272	1.93423128405	2.05431392996	1.8615807393	2.34667068093	2.00899027237	1.95913980545	1.87038317121	2.298195	1.70622031128	2.10581756809	2.2121644358	2.24738535019	2.21589992218	2.33195247082	2.23503941634	2.51818785992	1.93150262646	2.21572692607	2.27365103113	2.32898124514
CE2	2.57785212062	2.41886245136	1.66034095331	2.15218177043	1.01859624514	1.40278885214	2.27108138132	2.58984717899	2.63849657588	2.40461811284	1.43461217899	1.07997066148	1.8619272179	1.90960062257	2.36821031128	2.58349857977	1.80203762646	1.83782830739	2.6739377821	2.62961233463	2.03357655642	1.8174635214	0.725910817121	0.76370270428	0.785419066148	0.0	1.87993910506	1.7840559144	2.22137807393	2.47183315175	2.27425568093	2.11315023346	2.61143603113	2.61986348249	2.6247542607	2.59784848249	2.54923280156	2.54078439689	2.56318019455	2.53543990272	2.54680772374	2.54494486381	2.58472745136	2.59536357977	2.63101023346	2.56830317121	2.66438764591	2.38298252918	2.50101673152	2.43607702335	2.56379581712	2.44523770428	2.37450575875	2.21389856031	2.09195021401	2.21616984436	2.29757774319	2.42977770428	2.4280207393	2.50576830739	2.43270429961	2.38079653696	2.52855976654	2.18375153696	2.37994678988	2.10702383268	2.30287338521	2.24821021401	2.0980822179	2.2693301751	2.01492589494	2.06543527237	2.09144062257	2.3569788716	2.0838233463	2.4995672179	2.14453844358	2.32690626459	2.3607742607	2.60731266537	2.00452459144	2.45040966926	2.57469801556	2.61726702335	2.56790128405	2.69912947471	2.60035669261	2.7932977821	2.28840558366	2.57570357977	2.61547418288	2.63150431907
CF1	1.64283881323	1.46736322957	1.69820297665	1.23626258755	1.52699305447	1.22445900778	1.38410605058	1.65093745136	1.69597108949	1.46149904669	1.20220494163	1.49556645914	1.27274118677	1.40837599222	1.44391552529	1.6344486965	0.584534474708	0.548479202335	1.14928536965	1.09771116732	1.49907550584	0.933537023346	2.36840245136	2.38680488327	1.56361284047	1.87993910506	0.0	0.47345	0.851880719844	0.937465642023	0.735267354086	0.604928832685	1.69276486381	1.68917235409	1.68535336576	1.67459354086	1.68999898833	1.60780350195	1.65836929961	1.5941935214	1.63417402724	1.62956789883	1.74254196498	1.65589622568	1.69637140078	1.64240531128	1.74735025292	1.90062677043	1.70875	1.45910285992	1.63884663424	1.49364463035	1.51067101167	1.31974824903	1.54869317121	1.43330568093	1.36611451362	1.52295614786	1.57201692607	1.53795087549	1.54462258755	1.79994529183	1.57455875486	1.80203978599	2.10942608949	1.79014535019	1.65911326848	1.93686297665	1.68672225681	1.64029375486	1.60281706226	1.78038830739	1.68758070039	1.81158439689	1.74252797665	2.21500931907	1.79507105058	1.33759564202	1.94227986381	1.61732025292	1.72047217899	1.50945363813	1.59001949416	1.65399110895	1.6144848249	1.73092359922	1.62344392996	2.408147393	1.31419974708	1.60337412451	1.64301247082	1.72254614786
CF2	1.67015348249	1.50447392996	1.62172371595	1.2910016537	1.46317873541	1.12889340467	1.48308959144	1.69149375486	1.69615466926	1.49965807393	1.12162272374	1.43418894942	1.3458657393	1.39531182879	1.47033245136	1.66599371595	0.738695836576	0.725195622568	1.33101171206	1.2772336965	1.34992309339	0.748607529183	2.31540486381	2.3532998249	1.45261735409	1.7840559144	0.47345	0.0	1.08298134241	1.10173151751	0.900279299611	0.859891167315	1.74218634241	1.7493972179	1.71807359922	1.73341871595	1.65482046693	1.65127603113	1.71127058366	1.64433437743	1.68445531128	1.68566688716	1.69618309339	1.71121879377	1.73376680934	1.69560830739	1.80344826848	1.6994436965	1.53226649805	1.43160005837	1.62636301556	1.45366657588	1.35957459144	1.20227322957	1.37135274319	1.26623910506	1.30389766537	1.44410766537	1.42373470817	1.50702538911	1.43597826848	1.61864575875	1.52857863813	1.72462285992	1.98204546693	1.62180422179	1.60054474708	1.81741048638	1.62285077821	1.57579593385	1.52412492218	1.59150367704	1.60934984436	1.73525540856	1.60190914397	2.08309717899	1.74963918288	1.3054233463	1.75617293774	1.64238068093	1.6211411284	1.51918780156	1.61626420233	1.67139324903	1.62064322957	1.75805219844	1.63002642023	2.28739922179	1.34136332685	1.61866548638	1.67222488327	1.66926824903
CG1	1.40398105058	1.39870811284	1.63860669261	1.04138385214	1.83344731518	1.47782420233	1.23672747082	1.47993933852	1.5100216537	1.35496871595	1.4953764786	1.82709289883	1.06151964981	1.320575	1.37440885214	1.4126507393	0.878678346304	0.839813968872	1.0942031323	0.961211381323	1.53502898833	1.27826385214	2.65854628405	2.66544505837	1.87338157588	2.22137807393	0.851880719844	1.08298134241	0.0	0.653030758755	0.923949669261	0.717301459144	1.60698075875	1.60138400778	1.38031124514	1.58171643969	1.38373009728	1.54688219844	1.57305970817	1.57379696498	1.65030844358	1.61032083658	1.44910525292	1.56368963035	1.36444601167	1.60162214008	1.63568626459	2.01684145914	1.77028873541	1.47831042802	1.53086875486	1.57288188716	1.71246963035	1.56180215953	1.74287817121	1.67181826848	1.5173283463	1.62633659533	1.68730916342	1.53749832685	1.67778385214	1.91693741245	1.54298173152	1.69930727626	2.05755307393	1.82706762646	1.46633383268	1.92106677043	1.67975293774	1.54857992218	1.75147891051	1.99971762646	1.73467799611	1.75489838521	1.84641103113	2.12245428016	1.73774694553	1.56453192607	2.12923136187	1.43644996109	1.92204807393	1.3835870428	1.40251243191	1.54796544747	1.53364756809	1.67743793774	1.60202542802	2.28173694553	1.43975233463	1.5805627821	1.41373097276	1.72817215953
CG2	1.34948169261	1.33847801556	2.04449826848	1.19896546693	2.13786036965	1.77459468872	1.38498939689	1.42711064202	1.48629929961	1.33216861868	1.77760054475	2.12333011673	1.50640900778	1.69185023346	1.32803171206	1.38003678988	0.983527354086	0.987146206226	0.731083735409	0.576869143969	1.73989776265	1.30303966926	2.89747210117	2.90317317121	2.18095357977	2.47183315175	0.937465642023	1.10173151751	0.653030758755	0.0	0.587745136187	0.666882879377	1.58124817121	1.56757025292	1.46931974708	1.55569836576	1.48684198444	1.5487233463	1.5697351751	1.56461029183	1.64527321012	1.59606404669	1.54863367704	1.53969311284	1.41281303502	1.59553519455	1.59526900778	2.10355863813	1.86574848249	1.54776624514	1.46657153696	1.68340326848	1.7484348249	1.63108003891	1.90342706226	1.73171385214	1.60728291829	1.72447723735	1.78152521401	1.51659044747	1.76344317121	2.01278116732	1.63687583658	1.73983678988	2.13585865759	1.89793410506	1.52192610895	2.00749274319	1.61465143969	1.62161036965	1.68336636187	2.00508231518	1.71137766537	1.83951217899	1.87609280156	2.21745815175	1.70683377432	1.68476038911	2.16899990272	1.50886702335	2.13571571984	1.51230671206	1.54695945525	1.53386243191	1.5486914786	1.63566826848	1.54819805447	2.37408653696	1.61492348249	1.54513498054	1.53362332685	1.80297132296
