	PAM31	PAM32	PAM33	PAM35	PAM36	PAM37	PAM39	PAM40	PAM41	PAM42	PAM43	PAM44	PAM45	PBW46	PBW47	PBW49	PBW50	PBW51	PBW52	PBW53	PBW54	PBW55	PBW56	PBW58	PBW59	PBW60	PEP16	PEP18	PEP21	PEP23	PEP24	PEP26	PEP27	PEP28	PEP29	PEP30	PIS1	PIS2	PIS4	PIS5	PIS7	PIS9	PIS10	PIS11	PIS14	PIS15	PLL76	PLL77	PLL79	PLL80	PLL83	PLL88	PLL89	PLL90	PPO64	PPO66	PPO67	PPO69	PPO72	PPO75
PAM31	0.0	0.674535652438	0.655361991984	0.632866517242	0.681791348464	0.701614205639	0.684359842753	0.670442345869	0.717274689305	0.671776553305	0.661856166164	0.657474062081	0.620363437248	0.679779471139	0.753502850719	0.711759119009	0.680034498069	0.688676530002	0.655270915897	0.64211273141	0.761858240217	0.694659672692	0.714921505393	0.71422109406	0.682595198279	0.659946666312	0.704188793287	0.735458725771	0.664165051031	0.677308106752	0.700756052701	0.731120847635	0.683608496411	0.710651333874	0.69488877559	0.646109628406	0.658023680575	0.723012320787	0.6618007037	0.702692753367	0.716762419268	0.732770248301	0.717508140517	0.674432743036	0.658008860967	0.660723091451	0.753959476988	0.692534925408	0.692548088044	0.734876705942	0.748323560249	0.733049944845	0.751535554257	0.700289252826	0.672144889743	0.666714255173	0.700225379297	0.749808785437	0.665488077037	0.686303499507
PAM32	0.674535652438	0.0	0.705277653943	0.638910142183	0.730165137729	0.673497554784	0.663690671855	0.712333547655	0.617389013714	0.68144595319	0.684239222482	0.615760116312	0.565576143467	0.723259139455	0.752178599567	0.76999711088	0.739690777386	0.738685753856	0.686438742035	0.723348660428	0.757704217589	0.777041247776	0.78950078926	0.728443204048	0.744778988956	0.730991215542	0.820684055707	0.780967116056	0.756643793034	0.775644612465	0.782795408037	0.687031385399	0.770934661411	0.755936157178	0.792422880997	0.786259781947	0.720641998149	0.681723908707	0.691769103721	0.724083452712	0.707260205692	0.745945477289	0.700019146295	0.699505601368	0.737770832291	0.666922883501	0.749068691536	0.741004265555	0.70391273274	0.754681799706	0.755175010936	0.734940493959	0.671856445336	0.727401589115	0.667432796024	0.652956769116	0.702125181336	0.751787589073	0.636391121549	0.602628012882
PAM33	0.655361991984	0.705277653943	0.0	0.671899742597	0.671740585606	0.585257587367	0.655986915319	0.645323644993	0.636962804777	0.593343712947	0.592549315647	0.710903774096	0.641413819886	0.72503517454	0.739826433058	0.723766386868	0.763547446724	0.757002709526	0.769813010015	0.688793744914	0.767883476209	0.726580428731	0.715606347276	0.703118978879	0.70719808194	0.741685991226	0.742008677371	0.776124997725	0.745520150505	0.725430963451	0.675759691018	0.742259789023	0.720218505236	0.72155542135	0.764118142751	0.708987090081	0.685045234906	0.719693542369	0.65776688004	0.682418332193	0.71805737099	0.713530663496	0.684036135706	0.58917997126	0.63516759688	0.715023493811	0.751511956782	0.689173785674	0.724440088833	0.693866404413	0.710753877335	0.723522218366	0.724505969464	0.708983711185	0.690146506475	0.71158420012	0.735363837065	0.763380638337	0.695527012013	0.728040751184
PAM35	0.632866517242	0.638910142183	0.671899742597	0.0	0.669382408877	0.674254267759	0.630986776429	0.608652108715	0.640655330489	0.619723283003	0.62600182963	0.681982848587	0.598229952144	0.713930682007	0.749166121066	0.728850521896	0.71739873428	0.71344699728	0.692161787306	0.681168420207	0.764419615808	0.732476503365	0.74413083782	0.724159413847	0.675088630107	0.65906282227	0.703404759073	0.749445277228	0.675822766258	0.711363788827	0.693314532317	0.680676917341	0.694870337229	0.67322506203	0.730259213083	0.702922029125	0.657002148887	0.738032737025	0.668715912005	0.682641288418	0.720680115269	0.722240519361	0.701941685401	0.697618472632	0.662567477858	0.692304518079	0.748246234581	0.737833043921	0.700435342233	0.732898429201	0.760376606538	0.741413757009	0.748357771453	0.725545152336	0.638959445156	0.681549233028	0.719414568766	0.75468317698	0.644522774459	0.674657352845
PAM36	0.681791348464	0.730165137729	0.671740585606	0.669382408877	0.0	0.671004566103	0.658784884237	0.660319349589	0.656812365851	0.585657562689	0.594474277178	0.718476092147	0.629339290809	0.743899209236	0.758388574545	0.746834035549	0.756922997477	0.750114319589	0.746835145852	0.683289108581	0.761197032578	0.75780578224	0.704140122584	0.717469054448	0.71479440063	0.755625371154	0.720872208302	0.750957797549	0.744644734098	0.699822021995	0.718100237035	0.732781668159	0.713126784465	0.693918051355	0.736501205536	0.742168786751	0.690693531284	0.716972721083	0.652906538966	0.683116967121	0.710195689831	0.72603512818	0.694824489885	0.654519132279	0.674272873665	0.71475505319	0.724575191309	0.682029123618	0.74438711912	0.712669893013	0.731682184725	0.696943021443	0.706020599413	0.655747120772	0.700266423434	0.674445060048	0.738200954737	0.732932711671	0.681616031302	0.715317593906
PAM37	0.701614205639	0.673497554784	0.585257587367	0.674254267759	0.671004566103	0.0	0.654981920227	0.648485227391	0.618861625404	0.6179915114	0.627505446122	0.680034622442	0.667511335388	0.740985358251	0.739384501057	0.752431167871	0.773440583638	0.776216516896	0.733182108468	0.708272306071	0.73972877578	0.729521416038	0.716413336552	0.674096287011	0.736626097999	0.725185288676	0.760753964739	0.742189374016	0.763132100044	0.751980328741	0.720853908101	0.732804575503	0.750276463369	0.740380614591	0.749213775851	0.76772211726	0.628070348748	0.681869046896	0.697761531358	0.697070691939	0.691818540399	0.684995189015	0.658575205761	0.659230385263	0.674585052361	0.694440845153	0.725304630832	0.694092681353	0.735416728143	0.723739112297	0.756652725931	0.737684387105	0.713215030489	0.741420150229	0.682372293562	0.723139260062	0.73488763066	0.727704796807	0.717434203023	0.687618215978
PAM39	0.684359842753	0.663690671855	0.655986915319	0.630986776429	0.658784884237	0.654981920227	0.0	0.570099072414	0.59883234616	0.639810046152	0.59838146815	0.738686407726	0.616910538093	0.772892135978	0.779614727391	0.768923100702	0.75403403188	0.765464927687	0.750259532495	0.689211418963	0.742380502973	0.733305677025	0.743337327842	0.737513155599	0.752006689252	0.750895922194	0.693186081168	0.735172530885	0.743448793049	0.721167984411	0.732988757334	0.677850867987	0.716361023753	0.6712530192	0.706053976271	0.706652044651	0.69640520584	0.735076729795	0.695603762127	0.618196525356	0.685788240226	0.752187789523	0.718814927137	0.694573034841	0.634666055163	0.762523454438	0.760653135278	0.743423558884	0.776586046624	0.736307155201	0.757439247824	0.744968497793	0.709867260259	0.732889529626	0.717735146936	0.720471266004	0.785576385438	0.691056397402	0.711144131327	0.680637957685
PAM40	0.670442345869	0.712333547655	0.645323644993	0.608652108715	0.660319349589	0.648485227391	0.570099072414	0.0	0.635960566192	0.596045147523	0.585737119725	0.706780225239	0.604537045363	0.766680568784	0.742302857503	0.754971974007	0.760197737811	0.755489534839	0.757775243847	0.68159027364	0.751110519984	0.727842729168	0.728893384003	0.702031319116	0.700155393796	0.725944994519	0.685877192573	0.754333717475	0.732409762666	0.721635368363	0.702290151322	0.661789631203	0.709528530232	0.651464093767	0.6985492928	0.698239642333	0.651188799883	0.694925810909	0.665560657242	0.655395238048	0.707166630652	0.698504146681	0.706887979941	0.628449420634	0.628005247526	0.681928492828	0.741105039028	0.723961812757	0.757011133654	0.730411338007	0.745096914754	0.72114652789	0.694437387493	0.732220471618	0.709787966509	0.71515571631	0.76102907075	0.74499127001	0.667580355419	0.694472785404
PAM41	0.717274689305	0.617389013714	0.636962804777	0.640655330489	0.656812365851	0.618861625404	0.59883234616	0.635960566192	0.0	0.60662553329	0.602620041085	0.702731138341	0.59220383419	0.767373116043	0.761954398081	0.765243863405	0.756140680566	0.764059630742	0.769717519473	0.682705134083	0.773170584503	0.762373625742	0.73827758725	0.712666163886	0.740075578125	0.744798574102	0.761611351385	0.739289356387	0.774154159568	0.730637486848	0.71980302629	0.703842076003	0.721842823241	0.716390808681	0.792343491142	0.73045113878	0.685215770267	0.704215985742	0.668547754733	0.699146045657	0.702835927165	0.760563248823	0.662560054784	0.669303067954	0.671798924345	0.746659412007	0.73521397307	0.727120920782	0.748631428013	0.750801872858	0.758007913462	0.720742918592	0.720448112836	0.70532568544	0.700909343566	0.700789478079	0.741779332219	0.734934209135	0.710100897823	0.675656441047
PAM42	0.671776553305	0.68144595319	0.593343712947	0.619723283003	0.585657562689	0.6179915114	0.639810046152	0.596045147523	0.60662553329	0.0	0.564978463979	0.669456498901	0.608851034311	0.750675002357	0.6981322478	0.69228022173	0.756115256064	0.71391920279	0.722681851463	0.682765916765	0.731896338319	0.731078183881	0.702802630481	0.670568934052	0.690462007955	0.728179099052	0.725721842194	0.734980832652	0.738166825602	0.694411580507	0.673062589978	0.713138730926	0.697843579341	0.669170094387	0.747320034436	0.717385255846	0.660335469468	0.66799900282	0.628951601803	0.653336964796	0.713530308657	0.708973715284	0.657385209149	0.618775337941	0.621293667401	0.710786079984	0.710749525841	0.646386101884	0.660672901287	0.643289337524	0.6978795203	0.710668595156	0.677488360915	0.66848824572	0.669881621991	0.688222049086	0.691087287151	0.734698207342	0.623436474087	0.671451699727
PAM43	0.661856166164	0.684239222482	0.592549315647	0.62600182963	0.594474277178	0.627505446122	0.59838146815	0.585737119725	0.602620041085	0.564978463979	0.0	0.700593186844	0.569452829957	0.73773139531	0.761034397176	0.761127202162	0.731696138244	0.736838572803	0.766088384156	0.699157129293	0.761972471367	0.736259787931	0.667719592274	0.706880297935	0.672294350043	0.731685630897	0.705678509998	0.74115488038	0.712557392418	0.700433938425	0.640236393168	0.677916824706	0.70214870292	0.69252917614	0.731327736972	0.688131773047	0.649349719191	0.695440816504	0.63324353834	0.681906228393	0.695394834856	0.728647228582	0.67032808948	0.627889258147	0.624059470383	0.708295807513	0.725479131808	0.691929694005	0.72585581927	0.711526668446	0.724703161052	0.72940922782	0.711506317628	0.690750463261	0.67435914775	0.645921587579	0.704503951647	0.724240081649	0.691601695369	0.690738430023
PAM44	0.657474062081	0.615760116312	0.710903774096	0.681982848587	0.718476092147	0.680034622442	0.738686407726	0.706780225239	0.702731138341	0.669456498901	0.700593186844	0.0	0.644062047165	0.689461250712	0.663623392923	0.71935684682	0.712578698816	0.69780542827	0.658889772041	0.691493775279	0.704251800272	0.745424765267	0.743219297881	0.549598447721	0.682198660606	0.697610044622	0.767671524855	0.76248692726	0.70235634164	0.732619019374	0.730432939397	0.714335342248	0.707870719658	0.71376323783	0.719853282286	0.726009945983	0.698975060836	0.633720977214	0.686758455316	0.717377764882	0.709687937039	0.666139302615	0.686039784453	0.660442534808	0.689082957938	0.620125944318	0.725649687966	0.715799288372	0.660137193674	0.720688704696	0.738162513852	0.706980686711	0.700783895873	0.686901392234	0.678720458139	0.671364450011	0.696111310926	0.758745257363	0.633674173324	0.642236695372
PAM45	0.620363437248	0.565576143467	0.641413819886	0.598229952144	0.629339290809	0.667511335388	0.616910538093	0.604537045363	0.59220383419	0.608851034311	0.569452829957	0.644062047165	0.0	0.698120315555	0.761893852824	0.72710002485	0.713072790941	0.679949184922	0.656111446172	0.669912027183	0.759192377689	0.748375713158	0.740269565468	0.710964080508	0.652120379734	0.696173400072	0.754516391727	0.765875747113	0.726758119064	0.717737843916	0.704517479593	0.678935133025	0.713933192841	0.715056848873	0.746667303348	0.735152083647	0.693181714728	0.682760211145	0.622609134212	0.695154312837	0.718116392909	0.7137384319	0.685687422601	0.653550984277	0.659517928165	0.680125576772	0.741118136105	0.695727979777	0.676389097692	0.704866918578	0.726379795102	0.688568429772	0.677009382843	0.680044993899	0.655887360058	0.666153045899	0.687519166301	0.738812461561	0.618669865627	0.603681933365
PBW46	0.679779471139	0.723259139455	0.72503517454	0.713930682007	0.743899209236	0.740985358251	0.772892135978	0.766680568784	0.767373116043	0.750675002357	0.73773139531	0.689461250712	0.698120315555	0.0	0.703267093983	0.657583105726	0.659804253795	0.611906208157	0.632223329575	0.668301332153	0.70889210168	0.718728093714	0.696143327744	0.702705349216	0.677274721339	0.595888645391	0.722542354865	0.774638334346	0.677285073351	0.728304403379	0.741446004205	0.728334729842	0.720840646948	0.758400334326	0.688259996405	0.717529994641	0.737036307732	0.757690036264	0.74418393551	0.721377164983	0.736681460698	0.716682637703	0.720933918284	0.72489566772	0.703337050941	0.674694631801	0.715148817903	0.673112959498	0.620025872955	0.679692114797	0.657357196677	0.70907865021	0.710891968902	0.675439006879	0.660813041166	0.671729907357	0.700939184767	0.76258478835	0.679297089852	0.674231016611
PBW47	0.753502850719	0.752178599567	0.739826433058	0.749166121066	0.758388574545	0.739384501057	0.779614727391	0.742302857503	0.761954398081	0.6981322478	0.761034397176	0.663623392923	0.761893852824	0.703267093983	0.0	0.612274945389	0.763373733615	0.668449636313	0.73177503591	0.670980665752	0.623097571434	0.697390091598	0.711783038184	0.684980615218	0.726570258249	0.716316895525	0.77861790171	0.752305907014	0.726896468173	0.746136588246	0.712587466064	0.715404331206	0.720426066812	0.700981585315	0.711134770366	0.716895587076	0.749508482782	0.714096993666	0.699423973523	0.714540107314	0.728481222176	0.690876568993	0.716948883876	0.74625155578	0.73283743606	0.727457234007	0.717358221495	0.651568423981	0.688776943525	0.701650850706	0.669981067651	0.689742517817	0.651475140653	0.701026301788	0.712392543543	0.773194186443	0.718085715233	0.780744964656	0.681808015531	0.727049430083
PBW49	0.711759119009	0.76999711088	0.723766386868	0.728850521896	0.746834035549	0.752431167871	0.768923100702	0.754971974007	0.765243863405	0.69228022173	0.761127202162	0.71935684682	0.72710002485	0.657583105726	0.612274945389	0.0	0.736099769459	0.583188766307	0.647040140779	0.634415939976	0.655665837813	0.724848974205	0.709449138985	0.704639563897	0.721110832865	0.711295554862	0.755050146405	0.773581295178	0.69761389817	0.745417198347	0.731393068641	0.759979175573	0.718683355368	0.742347237132	0.719634851656	0.704835002694	0.763499469261	0.74814222824	0.697766979516	0.722461631497	0.772127384873	0.71178275596	0.745864849581	0.708313545183	0.741704258924	0.710865456976	0.709918218325	0.672656061426	0.651761596416	0.683252632338	0.68209651345	0.719338115434	0.667001740365	0.66422275576	0.684282833554	0.693877998464	0.732233544382	0.79113789197	0.697360523492	0.729784678046
PBW50	0.680034498069	0.739690777386	0.763547446724	0.71739873428	0.756922997477	0.773440583638	0.75403403188	0.760197737811	0.756140680566	0.756115256064	0.731696138244	0.712578698816	0.713072790941	0.659804253795	0.763373733615	0.736099769459	0.0	0.656582189595	0.631514693562	0.677007925856	0.733702636429	0.70809594167	0.69890914794	0.737660065361	0.704256063352	0.600019518286	0.724429478787	0.750478922719	0.685929528796	0.701609146026	0.740917700439	0.736242878425	0.734811265385	0.729373733511	0.694692058511	0.728110332108	0.728061589817	0.767333776172	0.710920686616	0.723976987493	0.691633177544	0.789520986686	0.739847164957	0.725511945814	0.695377111747	0.672061007907	0.671047099195	0.676316039792	0.665269187599	0.691282493471	0.708770119496	0.693488286424	0.709330445877	0.69257109027	0.693382276817	0.686101737239	0.662156901009	0.723990183817	0.647995836674	0.664398041489
PBW51	0.688676530002	0.738685753856	0.757002709526	0.71344699728	0.750114319589	0.776216516896	0.765464927687	0.755489534839	0.764059630742	0.71391920279	0.736838572803	0.69780542827	0.679949184922	0.611906208157	0.668449636313	0.583188766307	0.656582189595	0.0	0.612502266543	0.633278248998	0.694189125836	0.734497406184	0.654837365119	0.737304504718	0.671064598687	0.635843126294	0.736668977578	0.775829310272	0.641986193276	0.715620534942	0.73697048205	0.740133016853	0.703804841515	0.732904011039	0.729712379168	0.720873211681	0.758718302161	0.750172283402	0.718369635473	0.71613910304	0.767581034602	0.751808250008	0.751122248984	0.74348626705	0.700175232908	0.705837380178	0.705573081605	0.633597261981	0.583316556749	0.666596825202	0.688816926872	0.71012487962	0.680937401756	0.648309618591	0.677773968677	0.670214001074	0.709821213702	0.770774912821	0.686015576439	0.679098961715
PBW52	0.655270915897	0.686438742035	0.769813010015	0.692161787306	0.746835145852	0.733182108468	0.750259532495	0.757775243847	0.769717519473	0.722681851463	0.766088384156	0.658889772041	0.656111446172	0.632223329575	0.73177503591	0.647040140779	0.631514693562	0.612502266543	0.0	0.613205596805	0.672438269923	0.721718798213	0.722027786831	0.728778994423	0.723708536619	0.6287570393	0.749538912255	0.778991346321	0.675424570709	0.71361019785	0.774871053774	0.752541003829	0.721545193874	0.734524360288	0.712734659148	0.682831887513	0.726776985963	0.724239591573	0.694857289412	0.727533827231	0.755608683174	0.73126938215	0.747473305701	0.719475386645	0.69976113117	0.665503342137	0.692006813723	0.657815665561	0.605357612784	0.657589224043	0.706943358137	0.682710457278	0.690147999578	0.705268614585	0.659380054035	0.680719674372	0.69731314057	0.755878139862	0.626600019581	0.658346132832
PBW53	0.64211273141	0.723348660428	0.688793744914	0.681168420207	0.683289108581	0.708272306071	0.689211418963	0.68159027364	0.682705134083	0.682765916765	0.699157129293	0.691493775279	0.669912027183	0.668301332153	0.670980665752	0.634415939976	0.677007925856	0.633278248998	0.613205596805	0.0	0.655133049016	0.680567946493	0.692431697252	0.705887687549	0.710363993423	0.612828874087	0.714836043531	0.698916513716	0.677839067623	0.645336126034	0.696713091162	0.685309962182	0.645629989095	0.660598559159	0.691269856337	0.629352251006	0.669205473442	0.683211204739	0.674315011943	0.675599615931	0.667533383401	0.743342427112	0.728425762971	0.689786743394	0.636168179501	0.712817805671	0.691053395135	0.673647281955	0.691701037933	0.692218096576	0.663820204542	0.683183035017	0.661632124649	0.625195699703	0.683493418109	0.678312165119	0.685200064991	0.693904396241	0.65272109333	0.659730786121
PBW54	0.761858240217	0.757704217589	0.767883476209	0.764419615808	0.761197032578	0.73972877578	0.742380502973	0.751110519984	0.773170584503	0.731896338319	0.761972471367	0.704251800272	0.759192377689	0.70889210168	0.623097571434	0.655665837813	0.733702636429	0.694189125836	0.672438269923	0.655133049016	0.0	0.657546766853	0.722121418023	0.684869920807	0.754426636463	0.71532605853	0.765267822775	0.793242323898	0.761935242226	0.767062480165	0.728423645444	0.72369083639	0.744039652809	0.759084164574	0.715995684242	0.714199251674	0.737412819819	0.671274570011	0.697056832605	0.73035867517	0.742484715231	0.696981623745	0.710647765079	0.755748289297	0.722148807681	0.719748126129	0.664951248786	0.70453786087	0.718748112033	0.670837091308	0.735104151602	0.721087593986	0.649392943264	0.68790925608	0.714594807485	0.747659808064	0.72456976867	0.759578623308	0.685975046954	0.700917634704
PBW55	0.694659672692	0.777041247776	0.726580428731	0.732476503365	0.75780578224	0.729521416038	0.733305677025	0.727842729168	0.762373625742	0.731078183881	0.736259787931	0.745424765267	0.748375713158	0.718728093714	0.697390091598	0.724848974205	0.70809594167	0.734497406184	0.721718798213	0.680567946493	0.657546766853	0.0	0.711109858306	0.711374034095	0.746143140304	0.699396802614	0.700488950609	0.706718830255	0.706705628458	0.715947718435	0.718498908208	0.687340475408	0.692047514552	0.698681832707	0.704092519036	0.638760042341	0.67091296621	0.731909724677	0.733608645315	0.710092355586	0.66890302775	0.754365447342	0.696875310695	0.731176289652	0.718669982278	0.74224207172	0.691934392589	0.737964224211	0.727126881944	0.682612181462	0.720987264924	0.738007879637	0.705029710522	0.707060831131	0.728544998113	0.778238345311	0.715609425904	0.681936796531	0.681759341351	0.710681352679
PBW56	0.714921505393	0.78950078926	0.715606347276	0.74413083782	0.704140122584	0.716413336552	0.743337327842	0.728893384003	0.73827758725	0.702802630481	0.667719592274	0.743219297881	0.740269565468	0.696143327744	0.711783038184	0.709449138985	0.69890914794	0.654837365119	0.722027786831	0.692431697252	0.722121418023	0.711109858306	0.0	0.713651071043	0.71398661177	0.66517232787	0.606670498067	0.684489441315	0.682292827166	0.684208034089	0.655934420911	0.702572217174	0.663611575769	0.69246692001	0.733399726538	0.695252581276	0.689394813359	0.754528557236	0.70362162386	0.716038532331	0.711446665528	0.774367677498	0.715380414871	0.704597878695	0.707029680748	0.745723883544	0.66234629256	0.707853659723	0.721435954607	0.714437127919	0.688336129192	0.737134765587	0.687710344207	0.644974356909	0.692675272528	0.688903280947	0.732653970647	0.693549425439	0.731364731665	0.706836456784
PBW58	0.71422109406	0.728443204048	0.703118978879	0.724159413847	0.717469054448	0.674096287011	0.737513155599	0.702031319116	0.712666163886	0.670568934052	0.706880297935	0.549598447721	0.710964080508	0.702705349216	0.684980615218	0.704639563897	0.737660065361	0.737304504718	0.728778994423	0.705887687549	0.684869920807	0.711374034095	0.713651071043	0.0	0.701548935935	0.709244397056	0.746003292301	0.764202442458	0.75105502611	0.755195285301	0.706650280421	0.689911599435	0.723130619325	0.734025465337	0.731537328343	0.711830501607	0.696041866182	0.655064179393	0.703084695764	0.727024160565	0.711511765963	0.66529886108	0.672324267187	0.667016545762	0.694314472237	0.663427384218	0.714863847406	0.714854602144	0.717065494698	0.68879373708	0.734674705391	0.723986691703	0.733479864821	0.713204136092	0.691080382738	0.711177681319	0.720716238318	0.747045660012	0.698517020831	0.682412500921
PBW59	0.682595198279	0.744778988956	0.70719808194	0.675088630107	0.71479440063	0.736626097999	0.752006689252	0.700155393796	0.740075578125	0.690462007955	0.672294350043	0.682198660606	0.652120379734	0.677274721339	0.726570258249	0.721110832865	0.704256063352	0.671064598687	0.723708536619	0.710363993423	0.754426636463	0.746143140304	0.71398661177	0.701548935935	0.0	0.643931289054	0.716785021666	0.76467443645	0.675086233227	0.722862022349	0.694475402685	0.751268520076	0.715937219871	0.713169446097	0.702327772879	0.730158900744	0.722336470483	0.762113004445	0.681938488048	0.710402423519	0.744400905169	0.746801838745	0.718520313712	0.69095617402	0.699499315691	0.669212128875	0.720097114939	0.707204600645	0.679792001747	0.719477348492	0.744511098564	0.748896755146	0.733684323885	0.703472433909	0.659029000778	0.702569233374	0.670621550576	0.762028877629	0.670175302193	0.692431101498
PBW60	0.659946666312	0.730991215542	0.741685991226	0.65906282227	0.755625371154	0.725185288676	0.750895922194	0.725944994519	0.744798574102	0.728179099052	0.731685630897	0.697610044622	0.696173400072	0.595888645391	0.716316895525	0.711295554862	0.600019518286	0.635843126294	0.6287570393	0.612828874087	0.71532605853	0.699396802614	0.66517232787	0.709244397056	0.643931289054	0.0	0.68835953744	0.700343455018	0.643274471047	0.675863836362	0.711645414604	0.732092406268	0.691976652803	0.684417381918	0.697924930105	0.685153909748	0.673112205022	0.745577111945	0.720193524065	0.712456945567	0.658600385327	0.740491717631	0.716782403795	0.733305734803	0.669953044993	0.669297706895	0.717010232045	0.674975418369	0.641354430908	0.678053432539	0.69132408322	0.694416605738	0.699965621368	0.697246406068	0.645742281563	0.695665383497	0.649199453182	0.687338117227	0.646935250727	0.647936647682
PEP16	0.704188793287	0.820684055707	0.742008677371	0.703404759073	0.720872208302	0.760753964739	0.693186081168	0.685877192573	0.761611351385	0.725721842194	0.705678509998	0.767671524855	0.754516391727	0.722542354865	0.77861790171	0.755050146405	0.724429478787	0.736668977578	0.749538912255	0.714836043531	0.765267822775	0.700488950609	0.606670498067	0.746003292301	0.716785021666	0.68835953744	0.0	0.681334118558	0.72071383774	0.621960285003	0.687604594926	0.706185041889	0.649216400889	0.676407084293	0.685555276336	0.703607124914	0.699471843804	0.789257083518	0.729810575171	0.707803435942	0.751588044595	0.766544178296	0.751159903612	0.741681696999	0.685744016571	0.731201305796	0.736367617538	0.743203810883	0.772610063441	0.746802901886	0.764644641931	0.747852371749	0.747725531281	0.703493284382	0.746728131137	0.730738843277	0.731850861796	0.70966463053	0.727362044555	0.753234866042
PEP18	0.735458725771	0.780967116056	0.776124997725	0.749445277228	0.750957797549	0.742189374016	0.735172530885	0.754333717475	0.739289356387	0.734980832652	0.74115488038	0.76248692726	0.765875747113	0.774638334346	0.752305907014	0.773581295178	0.750478922719	0.775829310272	0.778991346321	0.698916513716	0.793242323898	0.706718830255	0.684489441315	0.764202442458	0.76467443645	0.700343455018	0.681334118558	0.0	0.657326487862	0.655495720221	0.724703425924	0.642254334994	0.606073857884	0.641776578753	0.723875451983	0.660718860697	0.697521170646	0.764810345636	0.775040940397	0.723022863451	0.698795901854	0.792487796032	0.77114978719	0.767740348354	0.717781036216	0.735881927251	0.724846462643	0.77330594855	0.78076307873	0.766077460976	0.71754506175	0.767004364747	0.714740300947	0.727827250382	0.774958427189	0.764710749281	0.698618423571	0.630642737538	0.70919017177	0.733733086166
PEP21	0.664165051031	0.756643793034	0.745520150505	0.675822766258	0.744644734098	0.763132100044	0.743448793049	0.732409762666	0.774154159568	0.738166825602	0.712557392418	0.70235634164	0.726758119064	0.677285073351	0.726896468173	0.69761389817	0.685929528796	0.641986193276	0.675424570709	0.677839067623	0.761935242226	0.706705628458	0.682292827166	0.75105502611	0.675086233227	0.643274471047	0.72071383774	0.657326487862	0.0	0.644065087105	0.705535222929	0.68125613683	0.606869431668	0.664811085732	0.655521999085	0.643215041829	0.700062569011	0.756417840912	0.711931852824	0.690536863653	0.704485638343	0.744349720811	0.754468883838	0.736070153955	0.680964959029	0.670903189022	0.716969501859	0.739427195004	0.696907416924	0.712665830628	0.718638974938	0.734934984056	0.733297323027	0.69218291178	0.620695999699	0.679556689975	0.729618093825	0.692492558047	0.670902716189	0.699781263645
PEP23	0.677308106752	0.775644612465	0.725430963451	0.711363788827	0.699822021995	0.751980328741	0.721167984411	0.721635368363	0.730637486848	0.694411580507	0.700433938425	0.732619019374	0.717737843916	0.728304403379	0.746136588246	0.745417198347	0.701609146026	0.715620534942	0.71361019785	0.645336126034	0.767062480165	0.715947718435	0.684208034089	0.755195285301	0.722862022349	0.675863836362	0.621960285003	0.655495720221	0.644065087105	0.0	0.699882969038	0.69315501174	0.578517501312	0.617749569494	0.671971381758	0.615434198265	0.704118115213	0.721339782612	0.704246705165	0.720137079886	0.689110167637	0.762644050371	0.744857768262	0.69036011947	0.667041910698	0.727668742228	0.713693512467	0.721829945624	0.737795861854	0.719094207109	0.692427212719	0.682127828616	0.730947905691	0.657175383692	0.731498841918	0.667093507048	0.708343967571	0.665315502568	0.685656150357	0.718903649173
PEP24	0.700756052701	0.782795408037	0.675759691018	0.693314532317	0.718100237035	0.720853908101	0.732988757334	0.702290151322	0.71980302629	0.673062589978	0.640236393168	0.730432939397	0.704517479593	0.741446004205	0.712587466064	0.731393068641	0.740917700439	0.73697048205	0.774871053774	0.696713091162	0.728423645444	0.718498908208	0.655934420911	0.706650280421	0.694475402685	0.711645414604	0.687604594926	0.724703425924	0.705535222929	0.699882969038	0.0	0.683432055808	0.654233079171	0.68911133203	0.692842779429	0.685367099574	0.701189689342	0.737586538781	0.688636434556	0.697449677026	0.700777935579	0.752384073635	0.727558225331	0.665484894805	0.664373181375	0.72148513605	0.749577465291	0.748741526379	0.763908865522	0.728385780524	0.729143585427	0.741309571447	0.712440267169	0.6927820001	0.694542565242	0.722566451972	0.720104494873	0.727981595178	0.722902277163	0.727068534723
PEP26	0.731120847635	0.687031385399	0.742259789023	0.680676917341	0.732781668159	0.732804575503	0.677850867987	0.661789631203	0.703842076003	0.713138730926	0.677916824706	0.714335342248	0.678935133025	0.728334729842	0.715404331206	0.759979175573	0.736242878425	0.740133016853	0.752541003829	0.685309962182	0.72369083639	0.687340475408	0.702572217174	0.689911599435	0.751268520076	0.732092406268	0.706185041889	0.642254334994	0.68125613683	0.69315501174	0.683432055808	0.0	0.604073245769	0.68770169473	0.715985457076	0.694727686301	0.693639905367	0.695854723261	0.70774745109	0.68140209753	0.67336871173	0.745203455686	0.705779832648	0.717870309068	0.695045842058	0.743657296147	0.75424294303	0.741464062719	0.759915020761	0.724520817876	0.739543944432	0.714304704004	0.667282673519	0.703708810986	0.72260939436	0.742437385517	0.729878708157	0.665123725191	0.658883442667	0.660632748569
PEP27	0.683608496411	0.770934661411	0.720218505236	0.694870337229	0.713126784465	0.750276463369	0.716361023753	0.709528530232	0.721842823241	0.697843579341	0.70214870292	0.707870719658	0.713933192841	0.720840646948	0.720426066812	0.718683355368	0.734811265385	0.703804841515	0.721545193874	0.645629989095	0.744039652809	0.692047514552	0.663611575769	0.723130619325	0.715937219871	0.691976652803	0.649216400889	0.606073857884	0.606869431668	0.578517501312	0.654233079171	0.604073245769	0.0	0.62416176491	0.654358300068	0.637856572746	0.714329488588	0.713779111322	0.678925049174	0.639476744528	0.666883510808	0.732028871336	0.718493390454	0.699582457967	0.654053148848	0.714787274898	0.717808302656	0.718538072377	0.736961533737	0.701086485282	0.681450148954	0.7079017219	0.699762372274	0.641834096785	0.723374399912	0.706523282123	0.691394300863	0.677126581452	0.683033054497	0.724390877775
PEP28	0.710651333874	0.755936157178	0.72155542135	0.67322506203	0.693918051355	0.740380614591	0.6712530192	0.651464093767	0.716390808681	0.669170094387	0.69252917614	0.71376323783	0.715056848873	0.758400334326	0.700981585315	0.742347237132	0.729373733511	0.732904011039	0.734524360288	0.660598559159	0.759084164574	0.698681832707	0.69246692001	0.734025465337	0.713169446097	0.684417381918	0.676407084293	0.641776578753	0.664811085732	0.617749569494	0.68911133203	0.68770169473	0.62416176491	0.0	0.651439365066	0.621387984843	0.699352202973	0.731147512964	0.70965504409	0.674649765454	0.667264772634	0.771077804213	0.723733413104	0.704127458586	0.675258970176	0.736623547934	0.754559094601	0.731473145063	0.7171321415	0.71041342261	0.71729314499	0.712350465177	0.72914593983	0.664060186749	0.708809359908	0.732835353898	0.710490471842	0.700346584834	0.671434968381	0.720880863793
PEP29	0.69488877559	0.792422880997	0.764118142751	0.730259213083	0.736501205536	0.749213775851	0.706053976271	0.6985492928	0.792343491142	0.747320034436	0.731327736972	0.719853282286	0.746667303348	0.688259996405	0.711134770366	0.719634851656	0.694692058511	0.729712379168	0.712734659148	0.691269856337	0.715995684242	0.704092519036	0.733399726538	0.731537328343	0.702327772879	0.697924930105	0.685555276336	0.723875451983	0.655521999085	0.671971381758	0.692842779429	0.715985457076	0.654358300068	0.651439365066	0.0	0.655662003436	0.732156111247	0.736928892545	0.704933801283	0.668520997365	0.705604657722	0.741098767899	0.707033118431	0.742656408013	0.692055687197	0.708998293966	0.744223891792	0.730437221789	0.722302191462	0.696952574885	0.722462068667	0.745524626446	0.725547718947	0.667934588321	0.708696355449	0.743076155653	0.740761285527	0.742760954233	0.703998960694	0.732450762941
PEP30	0.646109628406	0.786259781947	0.708987090081	0.702922029125	0.742168786751	0.76772211726	0.706652044651	0.698239642333	0.73045113878	0.717385255846	0.688131773047	0.726009945983	0.735152083647	0.717529994641	0.716895587076	0.704835002694	0.728110332108	0.720873211681	0.682831887513	0.629352251006	0.714199251674	0.638760042341	0.695252581276	0.711830501607	0.730158900744	0.685153909748	0.703607124914	0.660718860697	0.643215041829	0.615434198265	0.685367099574	0.694727686301	0.637856572746	0.621387984843	0.655662003436	0.0	0.699007786765	0.735328194415	0.702825655576	0.689183337058	0.708535397076	0.733276534612	0.72715055399	0.690253194817	0.677779901984	0.71997207235	0.702206967374	0.724024000342	0.727690987696	0.690195417502	0.694129301615	0.713870196465	0.735295251864	0.703473037122	0.701786970468	0.704089331907	0.712563224717	0.700972110403	0.7029861011	0.681750028168
PIS1	0.658023680575	0.720641998149	0.685045234906	0.657002148887	0.690693531284	0.628070348748	0.69640520584	0.651188799883	0.685215770267	0.660335469468	0.649349719191	0.698975060836	0.693181714728	0.737036307732	0.749508482782	0.763499469261	0.728061589817	0.758718302161	0.726776985963	0.669205473442	0.737412819819	0.67091296621	0.689394813359	0.696041866182	0.722336470483	0.673112205022	0.699471843804	0.697521170646	0.700062569011	0.704118115213	0.701189689342	0.693639905367	0.714329488588	0.699352202973	0.732156111247	0.699007786765	0.0	0.683408860743	0.684406156624	0.700180347856	0.6584066573	0.689912787152	0.594699878654	0.683974186309	0.612519980796	0.688225728144	0.675147158896	0.687531791248	0.72897087499	0.714511424372	0.778652280909	0.73183939441	0.691351536959	0.722621388338	0.661831481155	0.716460225991	0.719746727541	0.653994110743	0.670563622534	0.695638943504
PIS2	0.723012320787	0.681723908707	0.719693542369	0.738032737025	0.716972721083	0.681869046896	0.735076729795	0.694925810909	0.704215985742	0.66799900282	0.695440816504	0.633720977214	0.682760211145	0.757690036264	0.714096993666	0.74814222824	0.767333776172	0.750172283402	0.724239591573	0.683211204739	0.671274570011	0.731909724677	0.754528557236	0.655064179393	0.762113004445	0.745577111945	0.789257083518	0.764810345636	0.756417840912	0.721339782612	0.737586538781	0.695854723261	0.713779111322	0.731147512964	0.736928892545	0.735328194415	0.683408860743	0.0	0.687164002539	0.726349333004	0.675156923502	0.666651249413	0.648330965936	0.672049398801	0.698441714953	0.673446744662	0.725266162821	0.738138097418	0.739971547128	0.709453110897	0.739707745444	0.716804179422	0.716345021733	0.686424737134	0.717279511716	0.728631788223	0.739143548796	0.758571249799	0.69260333512	0.69947921684
PIS4	0.6618007037	0.691769103721	0.65776688004	0.668715912005	0.652906538966	0.697761531358	0.695603762127	0.665560657242	0.668547754733	0.628951601803	0.63324353834	0.686758455316	0.622609134212	0.74418393551	0.699423973523	0.697766979516	0.710920686616	0.718369635473	0.694857289412	0.674315011943	0.697056832605	0.733608645315	0.70362162386	0.703084695764	0.681938488048	0.720193524065	0.729810575171	0.775040940397	0.711931852824	0.704246705165	0.688636434556	0.70774745109	0.678925049174	0.70965504409	0.704933801283	0.702825655576	0.684406156624	0.687164002539	0.0	0.673432306367	0.722257393805	0.701606556965	0.682127732927	0.652993135744	0.656454860839	0.671191026012	0.702881616647	0.670748521223	0.714031237402	0.684725284831	0.721386909576	0.692358372878	0.671145014067	0.676561386075	0.678466376873	0.674724650098	0.703469659621	0.752669439374	0.65279849797	0.686297714531
PIS5	0.702692753367	0.724083452712	0.682418332193	0.682641288418	0.683116967121	0.697070691939	0.618196525356	0.655395238048	0.699146045657	0.653336964796	0.681906228393	0.717377764882	0.695154312837	0.721377164983	0.714540107314	0.722461631497	0.723976987493	0.71613910304	0.727533827231	0.675599615931	0.73035867517	0.710092355586	0.716038532331	0.727024160565	0.710402423519	0.712456945567	0.707803435942	0.723022863451	0.690536863653	0.720137079886	0.697449677026	0.68140209753	0.639476744528	0.674649765454	0.668520997365	0.689183337058	0.700180347856	0.726349333004	0.673432306367	0.0	0.658915311839	0.707027903914	0.684336801547	0.662554813178	0.612706681801	0.708764069566	0.669417981361	0.667166697846	0.703717825968	0.680443921666	0.71547611503	0.705046923109	0.677975716582	0.704830576199	0.674768393577	0.680868781827	0.739198985758	0.715197216834	0.634270770344	0.709537890499
PIS7	0.716762419268	0.707260205692	0.71805737099	0.720680115269	0.710195689831	0.691818540399	0.685788240226	0.707166630652	0.702835927165	0.713530308657	0.695394834856	0.709687937039	0.718116392909	0.736681460698	0.728481222176	0.772127384873	0.691633177544	0.767581034602	0.755608683174	0.667533383401	0.742484715231	0.66890302775	0.711446665528	0.711511765963	0.744400905169	0.658600385327	0.751588044595	0.698795901854	0.704485638343	0.689110167637	0.700777935579	0.67336871173	0.666883510808	0.667264772634	0.705604657722	0.708535397076	0.6584066573	0.675156923502	0.722257393805	0.658915311839	0.0	0.718945117913	0.657389030467	0.676622228753	0.669814440477	0.702889680593	0.703217334499	0.719326250079	0.750953940839	0.743688291479	0.721360720068	0.716542523046	0.698040075282	0.676311463125	0.694827034687	0.704153715172	0.718952864146	0.660821515521	0.670154400237	0.710491576552
PIS9	0.732770248301	0.745945477289	0.713530663496	0.722240519361	0.72603512818	0.684995189015	0.752187789523	0.698504146681	0.760563248823	0.708973715284	0.728647228582	0.666139302615	0.7137384319	0.716682637703	0.690876568993	0.71178275596	0.789520986686	0.751808250008	0.73126938215	0.743342427112	0.696981623745	0.754365447342	0.774367677498	0.66529886108	0.746801838745	0.740491717631	0.766544178296	0.792487796032	0.744349720811	0.762644050371	0.752384073635	0.745203455686	0.732028871336	0.771077804213	0.741098767899	0.733276534612	0.689912787152	0.666651249413	0.701606556965	0.707027903914	0.718945117913	0.0	0.620179683123	0.662859007319	0.674910237933	0.621841238016	0.723571081542	0.701795086646	0.722664302249	0.703070764589	0.716607037937	0.692842494136	0.6941906276	0.777943730912	0.707102270734	0.774303254986	0.784111666194	0.799432463174	0.718204586888	0.72946143809
PIS10	0.717508140517	0.700019146295	0.684036135706	0.701941685401	0.694824489885	0.658575205761	0.718814927137	0.706887979941	0.662560054784	0.657385209149	0.67032808948	0.686039784453	0.685687422601	0.720933918284	0.716948883876	0.745864849581	0.739847164957	0.751122248984	0.747473305701	0.728425762971	0.710647765079	0.696875310695	0.715380414871	0.672324267187	0.718520313712	0.716782403795	0.751159903612	0.77114978719	0.754468883838	0.744857768262	0.727558225331	0.705779832648	0.718493390454	0.723733413104	0.707033118431	0.72715055399	0.594699878654	0.648330965936	0.682127732927	0.684336801547	0.657389030467	0.620179683123	0.0	0.682893059191	0.633323552246	0.655374590643	0.653067529499	0.651466679778	0.69727345706	0.67089311593	0.744942350899	0.718734939886	0.686081052028	0.715614454155	0.668572805039	0.724989159223	0.716618154376	0.724469343448	0.670887289766	0.681638649003
PIS11	0.674432743036	0.699505601368	0.58917997126	0.697618472632	0.654519132279	0.659230385263	0.694573034841	0.628449420634	0.669303067954	0.618775337941	0.627889258147	0.660442534808	0.653550984277	0.72489566772	0.74625155578	0.708313545183	0.725511945814	0.74348626705	0.719475386645	0.689786743394	0.755748289297	0.731176289652	0.704597878695	0.667016545762	0.69095617402	0.733305734803	0.741681696999	0.767740348354	0.736070153955	0.69036011947	0.665484894805	0.717870309068	0.699582457967	0.704127458586	0.742656408013	0.690253194817	0.683974186309	0.672049398801	0.652993135744	0.662554813178	0.676622228753	0.662859007319	0.682893059191	0.0	0.645866175639	0.635558718722	0.726616290853	0.670400012862	0.721845589158	0.702797745859	0.718607752362	0.690481035633	0.700218327206	0.686197485197	0.669075494926	0.663166559325	0.725260912814	0.748396537033	0.677135312452	0.696780842405
