	PAM31	PAM32	PAM33	PAM35	PAM36	PAM37	PAM39	PAM40	PAM41	PAM42	PAM43	PAM44	PAM45	PBW46	PBW47	PBW49	PBW50	PBW51	PBW52	PBW53	PBW54	PBW55	PBW56	PBW58	PBW59	PBW60	PEP16	PEP18	PEP21	PEP23	PEP24	PEP26	PEP27	PEP28	PEP29	PEP30	PIS1	PIS2	PIS4	PIS5	PIS7	PIS9	PIS10	PIS11	PIS14	PIS15	PLL76	PLL77	PLL79	PLL80	PLL83	PLL88	PLL89	PLL90	PPO64	PPO66	PPO67	PPO69	PPO72	PPO75
PAM31	0.0	0.691731121318	0.697380098786	0.636245912717	0.668341612244	0.665611043294	0.658955956757	0.678462872664	0.725286779163	0.697780764991	0.645054411196	0.72995904426	0.634379985591	0.737813802569	0.740241302355	0.742925147515	0.698783676118	0.747425044882	0.723191697589	0.686944753125	0.756881292747	0.731242146843	0.721119436864	0.695229297153	0.746186063547	0.739764691573	0.698189223311	0.733384490827	0.701751087996	0.651076800899	0.677148983956	0.719065445816	0.679831240537	0.666281210432	0.737481678703	0.689875347354	0.70494343476	0.688785597808	0.666100166211	0.681034577684	0.751882460566	0.655537329311	0.741285865501	0.709021906595	0.693614040927	0.725518268163	0.749300104848	0.760194192045	0.744173979587	0.740543276579	0.69893643618	0.751763338644	0.741454937829	0.751546083939	0.72448532024	0.760061076492	0.726805871167	0.714555993663	0.728542983519	0.747598670389
PAM32	0.691731121318	0.0	0.706833568453	0.632328284513	0.680609098499	0.661263659033	0.620242203833	0.654443774155	0.612209451549	0.648912758299	0.639871645181	0.705299440792	0.647502305297	0.699680411282	0.719426144009	0.668946461916	0.702512302111	0.724147945142	0.681473563475	0.688747907468	0.691875432632	0.773733215195	0.738230761702	0.65650392231	0.726704099423	0.764697002062	0.759036011782	0.771447629771	0.75599279259	0.764360646255	0.755221124837	0.671204559816	0.732960263825	0.758506175757	0.749050047886	0.73249380923	0.723693793883	0.7225094671	0.681892095508	0.697796194242	0.742271847591	0.654359402573	0.662628164451	0.6814561716	0.656728953876	0.688256644093	0.708714077028	0.680273891951	0.695458573365	0.663843641163	0.705563477357	0.712794362309	0.649769113113	0.671923184236	0.659600518876	0.69223805925	0.728544714929	0.70917402484	0.654212124926	0.643454744489
PAM33	0.697380098786	0.706833568453	0.0	0.717295264529	0.655118114644	0.662193772147	0.645712765751	0.659580245288	0.660532358204	0.692211523666	0.633102597852	0.746611832706	0.697434518585	0.702901141337	0.757999892103	0.708996569668	0.717506539965	0.751513676572	0.718695529242	0.779354803895	0.768278517157	0.750340073596	0.696717713753	0.690456304236	0.720463143299	0.722193763241	0.723528448047	0.76939449122	0.731930001534	0.712448166504	0.742179560116	0.767272265772	0.734076250934	0.743425179567	0.721254724239	0.731122371402	0.71437176498	0.743492273153	0.745004009035	0.631614167533	0.744526406546	0.699753717696	0.693692547381	0.700511716988	0.650436568094	0.660093706376	0.728417760711	0.705991456376	0.729497162123	0.694850801181	0.716909341748	0.744967598672	0.750936724934	0.756296416404	0.708884014786	0.722877880393	0.721282652415	0.74327342877	0.701620708874	0.72771129963
PAM35	0.636245912717	0.632328284513	0.717295264529	0.0	0.656126108804	0.657201583639	0.697387597356	0.6631979453	0.6462963307	0.641312657191	0.669770871509	0.723892666174	0.605374668069	0.733445818161	0.752073611694	0.759884735881	0.723336121552	0.784517234717	0.736189110643	0.713878076597	0.728512839638	0.717809082472	0.729926539055	0.679719428727	0.735896101747	0.741725095488	0.725773111359	0.744449830961	0.75510270671	0.705615299271	0.763063340277	0.653802275274	0.716466574957	0.720192879991	0.774636525127	0.705104336433	0.730245546576	0.689481150989	0.637073081618	0.738821448837	0.724373219686	0.659493505388	0.705648509355	0.687063293995	0.711327869062	0.693360503292	0.741209989671	0.749010564001	0.744473557788	0.742671796834	0.738113546607	0.720388447631	0.702784078108	0.740163374294	0.692053527299	0.734791459647	0.72338537955	0.716576073927	0.720715701727	0.70515065147
PAM36	0.668341612244	0.680609098499	0.655118114644	0.656126108804	0.0	0.653968755175	0.631864899871	0.622375992191	0.644890822742	0.654669417256	0.628619904922	0.74064332909	0.665567796924	0.729704082736	0.728935758838	0.711614269266	0.710063739303	0.74830472164	0.694680408576	0.762474475725	0.70604229322	0.73258910708	0.680655405596	0.652908757445	0.694082115589	0.738683258294	0.703504363118	0.756288622547	0.736198253853	0.702341758142	0.714980377715	0.712317542548	0.7154500226	0.732157903766	0.742270540761	0.73791984333	0.686846164888	0.719611217717	0.670954424758	0.642620433269	0.716989751722	0.662084241295	0.673489375347	0.696204752184	0.646191894904	0.664492051452	0.692214990669	0.726639804511	0.7144672354	0.73424555743	0.724904286936	0.712343896036	0.720725818995	0.714943573825	0.723880890051	0.712835143606	0.719556205677	0.735378840004	0.690669637804	0.693281680811
PAM37	0.665611043294	0.661263659033	0.662193772147	0.657201583639	0.653968755175	0.0	0.635061355306	0.66519059071	0.642795951482	0.590781559738	0.653232355171	0.735263627802	0.699374384099	0.749601326409	0.739770933892	0.759920667164	0.727255669529	0.775999114135	0.69413654627	0.74787297694	0.722412619498	0.761407802289	0.71369758614	0.721728017803	0.746765840547	0.746310182044	0.748214491594	0.757395293196	0.774923397104	0.742826207801	0.749300235881	0.743180480152	0.750248016675	0.771546240425	0.766696074819	0.714846648426	0.683159729264	0.690369669163	0.721605116159	0.693127891837	0.701495571267	0.701650728316	0.659632876126	0.649014978122	0.653619547838	0.702865938396	0.740182924172	0.741680214445	0.749857722997	0.716789135041	0.745468027537	0.721006761445	0.74110757471	0.764498589867	0.71705288897	0.717806512405	0.736202744671	0.748510458805	0.68886957783	0.723168309229
PAM39	0.658955956757	0.620242203833	0.645712765751	0.697387597356	0.631864899871	0.635061355306	0.0	0.595641252216	0.62382834883	0.660224877307	0.627538596826	0.733539071682	0.618989106621	0.725514938514	0.757803814273	0.678693112784	0.715628066108	0.713068493539	0.717767344008	0.742924075645	0.719980557824	0.797460347027	0.735940505068	0.665536263656	0.719982182223	0.745239659528	0.762768265934	0.735937672214	0.732714141644	0.726743088976	0.726803153667	0.697827221078	0.722920322356	0.761699134254	0.725409650852	0.729144697519	0.68873263753	0.727120392428	0.71167982699	0.649156307926	0.732208209239	0.596799266454	0.668916960958	0.715502948047	0.645810081094	0.652791250886	0.71654707429	0.706255329513	0.747340260052	0.70640462801	0.706810356165	0.699170711787	0.699594089101	0.704661418715	0.692469926974	0.720262665704	0.741393014031	0.720205719429	0.697923330276	0.722981069069
PAM40	0.678462872664	0.654443774155	0.659580245288	0.6631979453	0.622375992191	0.66519059071	0.595641252216	0.0	0.613204023934	0.631529156239	0.618615241802	0.716185731846	0.606674136616	0.725181189534	0.731262126771	0.683643495357	0.712174045591	0.73694360576	0.729710504639	0.737209079028	0.69492955581	0.748919806662	0.729364845289	0.614229459197	0.721221885376	0.729427358693	0.733793949022	0.750409130742	0.737931694925	0.695721996838	0.71476184714	0.687984490989	0.695877275958	0.738936777624	0.71556093616	0.712583860658	0.696220271034	0.690703935643	0.678358265877	0.644056960447	0.684971436026	0.645033472438	0.669248737233	0.663444521324	0.648425509755	0.622963176173	0.732769880986	0.701559326176	0.724714321217	0.720016937119	0.701023082702	0.671469407689	0.694721339206	0.702591907187	0.69673022921	0.733563178126	0.723650165018	0.709355137933	0.661816472564	0.705413644035
PAM41	0.725286779163	0.612209451549	0.660532358204	0.6462963307	0.644890822742	0.642795951482	0.62382834883	0.613204023934	0.0	0.6287268929	0.637191387239	0.738895429094	0.644539415871	0.727833989629	0.750301166517	0.712114969838	0.762181852787	0.766134911338	0.731096196868	0.764709893672	0.692842529471	0.789599616194	0.748274448055	0.678373440133	0.734111933671	0.763380274909	0.775699276123	0.756969937482	0.781907598887	0.762616247891	0.783465985018	0.680969735743	0.751779216395	0.786184759017	0.768036046777	0.737150052607	0.73043264418	0.707758316393	0.714270058146	0.702270043875	0.713319463089	0.661502270995	0.665722715531	0.678812620093	0.701573185635	0.7094525005	0.726476822703	0.730009461177	0.772610664157	0.739891231091	0.765719054942	0.712838461516	0.724567893003	0.739396433198	0.68504591348	0.725681450087	0.748148177807	0.712256651657	0.711519944395	0.712000552854
PAM42	0.697780764991	0.648912758299	0.692211523666	0.641312657191	0.654669417256	0.590781559738	0.660224877307	0.631529156239	0.6287268929	0.0	0.654210085496	0.704055996048	0.730944967512	0.741809003849	0.701803194685	0.765747014098	0.740238029582	0.789193716489	0.734375939175	0.744284323652	0.738731956711	0.761131522611	0.733825942187	0.700046539582	0.755234182746	0.720307583738	0.757800740575	0.766530061571	0.777795872914	0.747491799925	0.758247484324	0.742509459385	0.769032761857	0.756304988519	0.756730276859	0.731882821417	0.672870095046	0.687979925246	0.71629349212	0.690847171599	0.711001916359	0.663384445843	0.613500045425	0.656441960375	0.674261929532	0.661964569733	0.683547311137	0.699848938489	0.726473466095	0.718711274982	0.713078428098	0.672521743495	0.727337107405	0.732558883981	0.674900415452	0.719976026172	0.725354463806	0.757678682118	0.69203572113	0.711076310941
PAM43	0.645054411196	0.639871645181	0.633102597852	0.669770871509	0.628619904922	0.653232355171	0.627538596826	0.618615241802	0.637191387239	0.654210085496	0.0	0.742539288996	0.636822981098	0.763275777714	0.763608538986	0.737590669658	0.693818394047	0.760191638517	0.72702986142	0.741517646281	0.752044662132	0.771738518194	0.705344817049	0.658810201402	0.72429264932	0.748420402322	0.723304930247	0.762881609035	0.761573194558	0.726966989564	0.729080559605	0.705234976619	0.710503533841	0.75640029153	0.715721648762	0.714576229363	0.747688272469	0.726388148123	0.737083911398	0.667612746547	0.731298329646	0.719997073307	0.714523247139	0.689040965557	0.641322159963	0.681313360861	0.722452833503	0.733410821372	0.735948337173	0.726570192623	0.728478056083	0.726938690484	0.742865891836	0.690263836307	0.73906085537	0.743921840279	0.721973223806	0.739760373775	0.693877023416	0.666757372468
PAM44	0.72995904426	0.705299440792	0.746611832706	0.723892666174	0.74064332909	0.735263627802	0.733539071682	0.716185731846	0.738895429094	0.704055996048	0.742539288996	0.0	0.730610445564	0.701238576421	0.682968382429	0.693305277862	0.718022809797	0.710920255016	0.711193287707	0.689578847189	0.699676649502	0.765338466085	0.746915516548	0.554158141044	0.67424365808	0.685791273682	0.760789353288	0.757580698152	0.689189889597	0.745719281376	0.728623963846	0.734272774086	0.723658975093	0.707698179809	0.730215319338	0.725644605579	0.713796482978	0.703901899644	0.696521157607	0.728958309969	0.740941016587	0.689221713321	0.728130036647	0.679518617743	0.714434121209	0.657526446025	0.697820087363	0.757648439557	0.723114408243	0.695892163355	0.748993967822	0.721874412447	0.697419511675	0.694537404075	0.737975779981	0.699308921738	0.671733659328	0.735785813252	0.683720850578	0.641667311259
PAM45	0.634379985591	0.647502305297	0.697434518585	0.605374668069	0.665567796924	0.699374384099	0.618989106621	0.606674136616	0.644539415871	0.730944967512	0.636822981098	0.730610445564	0.0	0.726858377673	0.787426162235	0.706514808038	0.695292619373	0.705927816906	0.736304041422	0.725716479235	0.71179717973	0.761014733511	0.745416999004	0.691761287304	0.697753208484	0.744573914674	0.753135977365	0.746721408546	0.708689096675	0.674777185523	0.746955276949	0.669732773833	0.704655160819	0.735308633998	0.760043087514	0.737298876378	0.762216391475	0.715210575282	0.656676520706	0.7022080828	0.726004481819	0.628224460922	0.755527135316	0.73479882739	0.71787233473	0.663377536372	0.761391473615	0.73623971561	0.766567298725	0.756586843153	0.721535219302	0.748282618806	0.690994117377	0.702006670838	0.708952403326	0.716863946504	0.703366299331	0.704274005604	0.729887538873	0.683490812421
PBW46	0.737813802569	0.699680411282	0.702901141337	0.733445818161	0.729704082736	0.749601326409	0.725514938514	0.725181189534	0.727833989629	0.741809003849	0.763275777714	0.701238576421	0.726858377673	0.0	0.661654465736	0.638327207826	0.659971935425	0.598513435211	0.631275229009	0.704380363431	0.653527219767	0.676470255991	0.68291133335	0.705227443387	0.647580816418	0.703434758688	0.692582227154	0.792258682386	0.660184595932	0.745508147305	0.716962239199	0.733974890339	0.735663666028	0.752745438451	0.707619104077	0.729240636743	0.747623150191	0.743517579541	0.747890797796	0.668624340829	0.755613766661	0.72510322646	0.697960830159	0.71741818907	0.71194720428	0.644223653703	0.699124852459	0.66525664613	0.682767678533	0.649108013928	0.686626886414	0.743178504044	0.638845360366	0.620685489463	0.713286727404	0.668948611106	0.680874819608	0.745244440702	0.663675340803	0.608346617163
PBW47	0.740241302355	0.719426144009	0.757999892103	0.752073611694	0.728935758838	0.739770933892	0.757803814273	0.731262126771	0.750301166517	0.701803194685	0.763608538986	0.682968382429	0.787426162235	0.661654465736	0.0	0.610342702358	0.750908541314	0.665544391941	0.648357777283	0.659516190719	0.675578972201	0.720536456564	0.756878133061	0.699008195664	0.775989820483	0.714223747564	0.76059386193	0.762237475875	0.744845129629	0.765636305215	0.719157387036	0.728422890019	0.738354320408	0.742859970223	0.692514913387	0.72334598611	0.70287833593	0.699461536051	0.726770977198	0.67736174995	0.743611509267	0.72742486043	0.662161331898	0.717922039162	0.766046873831	0.694227863223	0.694088860892	0.66324660091	0.666731485073	0.682229393162	0.699800367746	0.675011302006	0.71985075756	0.724839090791	0.731883631407	0.75114706051	0.689141067255	0.752276274664	0.662017259007	0.668045780484
PBW49	0.742925147515	0.668946461916	0.708996569668	0.759884735881	0.711614269266	0.759920667164	0.678693112784	0.683643495357	0.712114969838	0.765747014098	0.737590669658	0.693305277862	0.706514808038	0.638327207826	0.610342702358	0.0	0.65146547868	0.590016786146	0.623402595018	0.667682139656	0.603111364858	0.742851860769	0.720812575605	0.655992761741	0.766193212139	0.737796854678	0.758788569757	0.759736742112	0.727600521527	0.766180835653	0.737178677683	0.700069406571	0.688426759677	0.781022003708	0.728071741397	0.723615546839	0.764380119178	0.736628368992	0.753271031364	0.668797642135	0.763692117485	0.682461929311	0.695752233371	0.748191464051	0.695010379027	0.686989129316	0.678753347793	0.672348491857	0.66341083048	0.660332250577	0.711223203026	0.718743996352	0.65972050404	0.66733105834	0.735759597702	0.723174195724	0.713152001726	0.739256758118	0.653949729684	0.644473090442
PBW50	0.698783676118	0.702512302111	0.717506539965	0.723336121552	0.710063739303	0.727255669529	0.715628066108	0.712174045591	0.762181852787	0.740238029582	0.693818394047	0.718022809797	0.695292619373	0.659971935425	0.750908541314	0.65146547868	0.0	0.671615465109	0.667050275927	0.61512728706	0.700688501632	0.677464778863	0.632513983427	0.699183400937	0.698336276338	0.692830603965	0.70446206883	0.711293299963	0.657131691982	0.703315474681	0.68923500468	0.686043868974	0.652439077204	0.703212607206	0.704134527548	0.657112037561	0.730462214873	0.739728369579	0.734544852612	0.656543712808	0.707472052525	0.718737464175	0.71694696604	0.727407623591	0.676195221887	0.65683699182	0.687524689576	0.69693429782	0.704685347472	0.700047971233	0.603332503639	0.724752745096	0.629358707276	0.628061352981	0.685660649322	0.738593755845	0.712359249431	0.662840455578	0.648326039813	0.653464807694
PBW51	0.747425044882	0.724147945142	0.751513676572	0.784517234717	0.74830472164	0.775999114135	0.713068493539	0.73694360576	0.766134911338	0.789193716489	0.760191638517	0.710920255016	0.705927816906	0.598513435211	0.665544391941	0.590016786146	0.671615465109	0.0	0.658557132086	0.692988713269	0.700287822921	0.737381118722	0.668544867626	0.715184043228	0.676985088434	0.765896240549	0.730878644439	0.769148727746	0.6549030269	0.760074409873	0.732330461901	0.735450427402	0.724847560083	0.793141682045	0.695471568654	0.742169910265	0.773959216144	0.770343188109	0.769502102856	0.710358924396	0.776399807489	0.737699223409	0.735168444077	0.771525338028	0.748328386854	0.671195205644	0.725016211708	0.630695684095	0.675049029962	0.646665318095	0.702391864402	0.747971817115	0.669790003797	0.602124978529	0.755539496529	0.715163986459	0.695106035232	0.762851012455	0.706002740329	0.635598972727
PBW52	0.723191697589	0.681473563475	0.718695529242	0.736189110643	0.694680408576	0.69413654627	0.717767344008	0.729710504639	0.731096196868	0.734375939175	0.72702986142	0.711193287707	0.736304041422	0.631275229009	0.648357777283	0.623402595018	0.667050275927	0.658557132086	0.0	0.643692401852	0.615650557078	0.700241988627	0.691043805069	0.702783535982	0.703868143124	0.738057413476	0.735516318718	0.772182261488	0.723668878695	0.739995033133	0.717486892782	0.732255294392	0.721905195092	0.768858028353	0.698644210737	0.711151774458	0.734682351385	0.707938759639	0.745906754341	0.672669088838	0.754051150128	0.708723874208	0.719224215251	0.724866025263	0.715370130129	0.69843773431	0.672662199606	0.646203363714	0.646198214589	0.624488017486	0.673292106024	0.700993415153	0.677637971485	0.686146054772	0.736562853501	0.729087946343	0.690202935478	0.752636579234	0.638840226253	0.636426906302
PBW53	0.686944753125	0.688747907468	0.779354803895	0.713878076597	0.762474475725	0.74787297694	0.742924075645	0.737209079028	0.764709893672	0.744284323652	0.741517646281	0.689578847189	0.725716479235	0.704380363431	0.659516190719	0.667682139656	0.61512728706	0.692988713269	0.643692401852	0.0	0.662203058712	0.653449110356	0.738851051829	0.721357899383	0.74072132298	0.669481873756	0.742511211542	0.688200742488	0.687569062695	0.697971539699	0.719938908882	0.666687178379	0.688732360975	0.746079491916	0.714665905917	0.672573231842	0.732478104695	0.706372076237	0.69496299973	0.729980748393	0.743201104692	0.729006144817	0.73169272357	0.736610850865	0.734157111926	0.728912845868	0.681501336576	0.73001345429	0.722298475984	0.720965297966	0.655262833242	0.663660476766	0.666304420968	0.675221516925	0.736015669629	0.744306885039	0.687087892711	0.677880414366	0.694738777527	0.67861934683
PBW54	0.756881292747	0.691875432632	0.768278517157	0.728512839638	0.70604229322	0.722412619498	0.719980557824	0.69492955581	0.692842529471	0.738731956711	0.752044662132	0.699676649502	0.71179717973	0.653527219767	0.675578972201	0.603111364858	0.700688501632	0.700287822921	0.615650557078	0.662203058712	0.0	0.6728854325	0.707675212054	0.66597907578	0.757434858471	0.685622235955	0.726474194244	0.743099152307	0.765939655021	0.752836701004	0.738695575844	0.637414802525	0.716930668668	0.772362664835	0.742899317965	0.733729124625	0.737339795711	0.702310219977	0.726017331538	0.695261030314	0.704167307768	0.678902034659	0.687490016714	0.729252034451	0.730415177859	0.714303579409	0.646034686532	0.723034152555	0.708517108647	0.705297651609	0.726524214306	0.698732492067	0.665875964107	0.725707989591	0.72707865809	0.730327904111	0.688994598867	0.68829080151	0.689623754203	0.673909166469
PBW55	0.731242146843	0.773733215195	0.750340073596	0.717809082472	0.73258910708	0.761407802289	0.797460347027	0.748919806662	0.789599616194	0.761131522611	0.771738518194	0.765338466085	0.761014733511	0.676470255991	0.720536456564	0.742851860769	0.677464778863	0.737381118722	0.700241988627	0.653449110356	0.6728854325	0.0	0.688073042469	0.734026290356	0.762942243198	0.707919373693	0.676620627188	0.686816888536	0.730443834812	0.702288505667	0.746588772312	0.638113391792	0.668366512964	0.734363645315	0.734459892026	0.701868235599	0.713777804736	0.711395506266	0.730432868368	0.723416904721	0.704051662989	0.763997868184	0.736103178345	0.734777659632	0.759405520405	0.743228765858	0.720726691547	0.744087705048	0.730397016831	0.736615538025	0.679843163009	0.745249371075	0.675601563008	0.724233210412	0.718651525015	0.740336500634	0.71657906183	0.715970039093	0.715244789193	0.732946960002
PBW56	0.721119436864	0.738230761702	0.696717713753	0.729926539055	0.680655405596	0.71369758614	0.735940505068	0.729364845289	0.748274448055	0.733825942187	0.705344817049	0.746915516548	0.745416999004	0.68291133335	0.756878133061	0.720812575605	0.632513983427	0.668544867626	0.691043805069	0.738851051829	0.707675212054	0.688073042469	0.0	0.711574652296	0.684653817277	0.714646940158	0.647798856923	0.695407237219	0.707412689919	0.685334413511	0.68994971452	0.724340501476	0.651572449205	0.729743438475	0.681917155135	0.711315934309	0.709635468996	0.780753660069	0.751183519904	0.68025031037	0.738815912143	0.734749058873	0.728165163624	0.722510488806	0.684762631972	0.699117848253	0.700731480604	0.692324807131	0.712977711624	0.684035262947	0.674863144065	0.753888405705	0.696195304965	0.637095177216	0.748643599878	0.721226272863	0.686239279165	0.722249241465	0.633938180247	0.698937535499
PBW58	0.695229297153	0.65650392231	0.690456304236	0.679719428727	0.652908757445	0.721728017803	0.665536263656	0.614229459197	0.678373440133	0.700046539582	0.658810201402	0.554158141044	0.691761287304	0.705227443387	0.699008195664	0.655992761741	0.699183400937	0.715184043228	0.702783535982	0.721357899383	0.66597907578	0.734026290356	0.711574652296	0.0	0.709518718742	0.724737183315	0.701427177704	0.72927581378	0.696108252038	0.714056587033	0.694681649666	0.652460177951	0.694820912146	0.703714726077	0.698141265658	0.718487933235	0.700424385597	0.649354629619	0.675429157087	0.670262570965	0.747941796755	0.650097946922	0.707043951542	0.642521324181	0.66550502583	0.675386637564	0.71964068428	0.737913004093	0.699371567387	0.699399269065	0.716920756204	0.716035210862	0.660920438442	0.719676159033	0.722758972763	0.764295874379	0.741092827754	0.692168482774	0.687764983521	0.687610516787
PBW59	0.746186063547	0.726704099423	0.720463143299	0.735896101747	0.694082115589	0.746765840547	0.719982182223	0.721221885376	0.734111933671	0.755234182746	0.72429264932	0.67424365808	0.697753208484	0.647580816418	0.775989820483	0.766193212139	0.698336276338	0.676985088434	0.703868143124	0.74072132298	0.757434858471	0.762942243198	0.684653817277	0.709518718742	0.0	0.71058567591	0.708584503565	0.767143769492	0.654679587096	0.687953856281	0.677602745296	0.729142580323	0.701259302957	0.744105881147	0.71046589014	0.703253627259	0.717341815849	0.763701717138	0.771153320907	0.689058225005	0.720565778821	0.758079139945	0.729375930464	0.736465939861	0.695756756851	0.646328671314	0.71727210179	0.682436277429	0.745852270775	0.71079562807	0.708387227315	0.754263236389	0.702725744171	0.666813091621	0.738507022245	0.664159003662	0.683432616705	0.740154139123	0.669271290554	0.667535637149
PBW60	0.739764691573	0.764697002062	0.722193763241	0.741725095488	0.738683258294	0.746310182044	0.745239659528	0.729427358693	0.763380274909	0.720307583738	0.748420402322	0.685791273682	0.744573914674	0.703434758688	0.714223747564	0.737796854678	0.692830603965	0.765896240549	0.738057413476	0.669481873756	0.685622235955	0.707919373693	0.714646940158	0.724737183315	0.71058567591	0.0	0.662879676345	0.701212122159	0.717945953106	0.700995216977	0.729988839736	0.718223224183	0.702773157531	0.707066417524	0.714616554062	0.65602793457	0.733562659454	0.731198471018	0.731359555164	0.706544643574	0.714026606409	0.708817355905	0.736273507772	0.715914944473	0.715783607336	0.719013689724	0.672352274941	0.745875452308	0.763324838185	0.744811846859	0.715069345815	0.724754098766	0.717569721724	0.776827343201	0.715388190617	0.764249815376	0.702671191108	0.694692736407	0.674610938865	0.71119286733
PEP16	0.698189223311	0.759036011782	0.723528448047	0.725773111359	0.703504363118	0.748214491594	0.762768265934	0.733793949022	0.775699276123	0.757800740575	0.723304930247	0.760789353288	0.753135977365	0.692582227154	0.76059386193	0.758788569757	0.70446206883	0.730878644439	0.735516318718	0.742511211542	0.726474194244	0.676620627188	0.647798856923	0.701427177704	0.708584503565	0.662879676345	0.0	0.647588058497	0.690239665689	0.665341530483	0.659936468806	0.70373411612	0.60160240259	0.693649251276	0.654223293856	0.679578560646	0.746115447258	0.736910219274	0.753927199717	0.694069945529	0.763806158007	0.717989532708	0.733751519622	0.736333909392	0.698028838383	0.722909902882	0.728637439293	0.757761391472	0.755726849549	0.74597278993	0.669111233718	0.771731829582	0.698344249687	0.708167816754	0.705790741892	0.746038310037	0.721920570374	0.748518781549	0.694996506005	0.722117925921
PEP18	0.733384490827	0.771447629771	0.76939449122	0.744449830961	0.756288622547	0.757395293196	0.735937672214	0.750409130742	0.756969937482	0.766530061571	0.762881609035	0.757580698152	0.746721408546	0.792258682386	0.762237475875	0.759736742112	0.711293299963	0.769148727746	0.772182261488	0.688200742488	0.743099152307	0.686816888536	0.695407237219	0.72927581378	0.767143769492	0.701212122159	0.647588058497	0.0	0.690393952913	0.675833658532	0.730338899265	0.641282157098	0.609289157089	0.693050176036	0.734325261475	0.67521087529	0.748952797678	0.734024692961	0.759604895455	0.771026396384	0.781018453135	0.752633603262	0.751927707041	0.767226472963	0.745370768224	0.750361284301	0.742635436448	0.791912155921	0.760414534719	0.778103886709	0.69014160461	0.73985519818	0.688754254002	0.753686432846	0.692604140068	0.75525425712	0.708560362076	0.640652543432	0.718366605308	0.760261301555
PEP21	0.701751087996	0.75599279259	0.731930001534	0.75510270671	0.736198253853	0.774923397104	0.732714141644	0.737931694925	0.781907598887	0.777795872914	0.761573194558	0.689189889597	0.708689096675	0.660184595932	0.744845129629	0.727600521527	0.657131691982	0.6549030269	0.723668878695	0.687569062695	0.765939655021	0.730443834812	0.707412689919	0.696108252038	0.654679587096	0.717945953106	0.690239665689	0.690393952913	0.0	0.677502430082	0.639239976443	0.733043840857	0.657782416322	0.698225570106	0.694807447962	0.660225695557	0.731541492325	0.746329224614	0.759713165583	0.694344094104	0.75378895042	0.718719767521	0.729855891082	0.74128402287	0.720881605798	0.686788775963	0.747001127511	0.736517359334	0.746859075762	0.733889234861	0.672105294467	0.763357688266	0.672666355308	0.673353813117	0.72178664237	0.664979693323	0.730701144253	0.69439285467	0.689338538432	0.700197025823
PEP23	0.651076800899	0.764360646255	0.712448166504	0.705615299271	0.702341758142	0.742826207801	0.726743088976	0.695721996838	0.762616247891	0.747491799925	0.726966989564	0.745719281376	0.674777185523	0.745508147305	0.765636305215	0.766180835653	0.703315474681	0.760074409873	0.739995033133	0.697971539699	0.752836701004	0.702288505667	0.685334413511	0.714056587033	0.687953856281	0.700995216977	0.665341530483	0.675833658532	0.677502430082	0.0	0.682325969587	0.693057871452	0.659830907919	0.612607844734	0.656250621577	0.64242874201	0.734750079571	0.725263942714	0.717116928389	0.686904240345	0.718671836255	0.659903573545	0.755868943233	0.719340685635	0.698987129258	0.69172260759	0.719697805762	0.740023715033	0.718664288692	0.727695328434	0.687479207597	0.724647788369	0.732411195864	0.694067763885	0.716303891177	0.73148629427	0.722190451024	0.682797784757	0.704270338718	0.748118383986
PEP24	0.677148983956	0.755221124837	0.742179560116	0.763063340277	0.714980377715	0.749300235881	0.726803153667	0.71476184714	0.783465985018	0.758247484324	0.729080559605	0.728623963846	0.746955276949	0.716962239199	0.719157387036	0.737178677683	0.68923500468	0.732330461901	0.717486892782	0.719938908882	0.738695575844	0.746588772312	0.68994971452	0.694681649666	0.677602745296	0.729988839736	0.659936468806	0.730338899265	0.639239976443	0.682325969587	0.0	0.739696855282	0.658194911558	0.708302641148	0.654247661608	0.690916797804	0.709983728276	0.771474699492	0.780751532785	0.659203820942	0.697990959636	0.726662275416	0.714525944447	0.708642001069	0.690397525064	0.716306956506	0.734709765656	0.73550241633	0.757075143081	0.727434440374	0.71884096911	0.750354637533	0.746897054065	0.737725583654	0.711704253713	0.749077708119	0.724881896411	0.716014035832	0.683255050077	0.754068785173
PEP26	0.719065445816	0.671204559816	0.767272265772	0.653802275274	0.712317542548	0.743180480152	0.697827221078	0.687984490989	0.680969735743	0.742509459385	0.705234976619	0.734272774086	0.669732773833	0.733974890339	0.728422890019	0.700069406571	0.686043868974	0.735450427402	0.732255294392	0.666687178379	0.637414802525	0.638113391792	0.724340501476	0.652460177951	0.729142580323	0.718223224183	0.70373411612	0.641282157098	0.733043840857	0.693057871452	0.739696855282	0.0	0.642112202293	0.72807711274	0.725725359725	0.692302476862	0.751380672527	0.66157754512	0.677369519358	0.725108813776	0.707553691384	0.694794517209	0.732131459554	0.739164549398	0.743160646922	0.713807193987	0.701233973834	0.746374060743	0.712155161304	0.733983800112	0.715983294401	0.689049754097	0.645563926441	0.707503202957	0.664090803969	0.756113483611	0.725921370839	0.65315007185	0.693051017571	0.681344199587
PEP27	0.679831240537	0.732960263825	0.734076250934	0.716466574957	0.7154500226	0.750248016675	0.722920322356	0.695877275958	0.751779216395	0.769032761857	0.710503533841	0.723658975093	0.704655160819	0.735663666028	0.738354320408	0.688426759677	0.652439077204	0.724847560083	0.721905195092	0.688732360975	0.716930668668	0.668366512964	0.651572449205	0.694820912146	0.701259302957	0.702773157531	0.60160240259	0.609289157089	0.657782416322	0.659830907919	0.658194911558	0.642112202293	0.0	0.709048910183	0.659771463948	0.676922572726	0.727596099518	0.713962655664	0.731974909239	0.650262605411	0.710678141039	0.693648712693	0.719250025694	0.725822958444	0.663497803424	0.69382133943	0.689341275811	0.713767553843	0.750755955543	0.705097316998	0.640766108375	0.714523376231	0.674477683751	0.657020747872	0.713819392692	0.704271643086	0.685312835516	0.659320617192	0.649153112702	0.705692785732
PEP28	0.666281210432	0.758506175757	0.743425179567	0.720192879991	0.732157903766	0.771546240425	0.761699134254	0.738936777624	0.786184759017	0.756304988519	0.75640029153	0.707698179809	0.735308633998	0.752745438451	0.742859970223	0.781022003708	0.703212607206	0.793141682045	0.768858028353	0.746079491916	0.772362664835	0.734363645315	0.729743438475	0.703714726077	0.744105881147	0.707066417524	0.693649251276	0.693050176036	0.698225570106	0.612607844734	0.708302641148	0.72807711274	0.709048910183	0.0	0.709060269331	0.674627824575	0.732338420483	0.72271714621	0.737327490546	0.722358341935	0.758715877567	0.700921454103	0.747760405732	0.77320162192	0.752855956196	0.727500447809	0.763561099215	0.771261855514	0.742024259254	0.764019839818	0.711454496685	0.756350612087	0.704860501039	0.757572376239	0.717939719733	0.796350033601	0.725669807091	0.695996395738	0.72115937378	0.750367248574
PEP29	0.737481678703	0.749050047886	0.721254724239	0.774636525127	0.742270540761	0.766696074819	0.725409650852	0.71556093616	0.768036046777	0.756730276859	0.715721648762	0.730215319338	0.760043087514	0.707619104077	0.692514913387	0.728071741397	0.704134527548	0.695471568654	0.698644210737	0.714665905917	0.742899317965	0.734459892026	0.681917155135	0.698141265658	0.71046589014	0.714616554062	0.654223293856	0.734325261475	0.694807447962	0.656250621577	0.654247661608	0.725725359725	0.659771463948	0.709060269331	0.0	0.691560820037	0.733325240249	0.762256498677	0.744761834897	0.674562373171	0.761690349814	0.710469515758	0.703805235147	0.736897063449	0.698839310221	0.708976046078	0.728256866286	0.709000278418	0.719262923662	0.722902683631	0.673406928683	0.710331104084	0.740534278638	0.690676607044	0.764877131097	0.750436202339	0.737032454944	0.759414248231	0.708822218347	0.727670634174
PEP30	0.689875347354	0.73249380923	0.731122371402	0.705104336433	0.73791984333	0.714846648426	0.729144697519	0.712583860658	0.737150052607	0.731882821417	0.714576229363	0.725644605579	0.737298876378	0.729240636743	0.72334598611	0.723615546839	0.657112037561	0.742169910265	0.711151774458	0.672573231842	0.733729124625	0.701868235599	0.711315934309	0.718487933235	0.703253627259	0.65602793457	0.679578560646	0.67521087529	0.660225695557	0.64242874201	0.690916797804	0.692302476862	0.676922572726	0.674627824575	0.691560820037	0.0	0.727416188372	0.683243975248	0.723355025934	0.665323174831	0.730066478011	0.713615430215	0.713449570636	0.714448479861	0.710834639587	0.709578586816	0.710987876157	0.73074737602	0.732492100138	0.727875454527	0.684306366949	0.732747654314	0.709970043486	0.72674194316	0.698245136468	0.734401897508	0.724841641259	0.690333769202	0.687455310483	0.717454073966
PIS1	0.70494343476	0.723693793883	0.71437176498	0.730245546576	0.686846164888	0.683159729264	0.68873263753	0.696220271034	0.73043264418	0.672870095046	0.747688272469	0.713796482978	0.762216391475	0.747623150191	0.70287833593	0.764380119178	0.730462214873	0.773959216144	0.734682351385	0.732478104695	0.737339795711	0.713777804736	0.709635468996	0.700424385597	0.717341815849	0.733562659454	0.746115447258	0.748952797678	0.731541492325	0.734750079571	0.709983728276	0.751380672527	0.727596099518	0.732338420483	0.733325240249	0.727416188372	0.0	0.696707103342	0.732211992219	0.642876573295	0.677646398723	0.701875126584	0.619787003616	0.663152118411	0.700188789356	0.655330320432	0.704061368614	0.720085461455	0.74074798644	0.74361693814	0.760105078242	0.715955390132	0.72384229336	0.760018763642	0.70518704248	0.720761651588	0.730885383623	0.749287916674	0.661744524175	0.751545307527
PIS2	0.688785597808	0.7225094671	0.743492273153	0.689481150989	0.719611217717	0.690369669163	0.727120392428	0.690703935643	0.707758316393	0.687979925246	0.726388148123	0.703901899644	0.715210575282	0.743517579541	0.699461536051	0.736628368992	0.739728369579	0.770343188109	0.707938759639	0.706372076237	0.702310219977	0.711395506266	0.780753660069	0.649354629619	0.763701717138	0.731198471018	0.736910219274	0.734024692961	0.746329224614	0.725263942714	0.771474699492	0.66157754512	0.713962655664	0.72271714621	0.762256498677	0.683243975248	0.696707103342	0.0	0.656667324937	0.701861400767	0.737114670208	0.697617504042	0.719461112617	0.658855402124	0.739442774954	0.71116570843	0.744115065111	0.739043807133	0.707273545159	0.716859149657	0.717530077053	0.707355550046	0.70264702505	0.760280211609	0.705688155626	0.768521023596	0.766358535512	0.72449995745	0.71997549973	0.720374806816
PIS4	0.666100166211	0.681892095508	0.745004009035	0.637073081618	0.670954424758	0.721605116159	0.71167982699	0.678358265877	0.714270058146	0.71629349212	0.737083911398	0.696521157607	0.656676520706	0.747890797796	0.726770977198	0.753271031364	0.734544852612	0.769502102856	0.745906754341	0.69496299973	0.726017331538	0.730432868368	0.751183519904	0.675429157087	0.771153320907	0.731359555164	0.753927199717	0.759604895455	0.759713165583	0.717116928389	0.780751532785	0.677369519358	0.731974909239	0.737327490546	0.744761834897	0.723355025934	0.732211992219	0.656667324937	0.0	0.6913130424	0.758159152186	0.652210780818	0.704881511318	0.685957961827	0.738524341016	0.71296490792	0.738006303953	0.74477725562	0.734995411523	0.752256312479	0.742340881539	0.704963482647	0.721381764202	0.751613829415	0.734425355914	0.728240673635	0.738513552356	0.734485182047	0.711454585278	0.730540315252
PIS5	0.681034577684	0.697796194242	0.631614167533	0.738821448837	0.642620433269	0.693127891837	0.649156307926	0.644056960447	0.702270043875	0.690847171599	0.667612746547	0.728958309969	0.7022080828	0.668624340829	0.67736174995	0.668797642135	0.656543712808	0.710358924396	0.672669088838	0.729980748393	0.695261030314	0.723416904721	0.68025031037	0.670262570965	0.689058225005	0.706544643574	0.694069945529	0.771026396384	0.694344094104	0.686904240345	0.659203820942	0.725108813776	0.650262605411	0.722358341935	0.674562373171	0.665323174831	0.642876573295	0.701861400767	0.6913130424	0.0	0.695857059343	0.653489628471	0.625761984037	0.670349232736	0.624064842618	0.614427075652	0.646512896199	0.656428624147	0.67174152744	0.645747397	0.682831663454	0.699935612977	0.710546866137	0.692900368794	0.688654522914	0.656548787204	0.70797222458	0.712528830262	0.627750531978	0.668127944156
PIS7	0.751882460566	0.742271847591	0.744526406546	0.724373219686	0.716989751722	0.701495571267	0.732208209239	0.684971436026	0.713319463089	0.711001916359	0.731298329646	0.740941016587	0.726004481819	0.755613766661	0.743611509267	0.763692117485	0.707472052525	0.776399807489	0.754051150128	0.743201104692	0.704167307768	0.704051662989	0.738815912143	0.747941796755	0.720565778821	0.714026606409	0.763806158007	0.781018453135	0.75378895042	0.718671836255	0.697990959636	0.707553691384	0.710678141039	0.758715877567	0.761690349814	0.730066478011	0.677646398723	0.737114670208	0.758159152186	0.695857059343	0.0	0.712963971907	0.65954732004	0.648329958648	0.720065484892	0.691790967311	0.722398881109	0.715896733898	0.774066765859	0.759563956096	0.750811461051	0.717612253166	0.738434978542	0.731707215644	0.721487438829	0.723268273184	0.730759014643	0.72277626295	0.682157692142	0.717874236867
PIS9	0.655537329311	0.654359402573	0.699753717696	0.659493505388	0.662084241295	0.701650728316	0.596799266454	0.645033472438	0.661502270995	0.663384445843	0.719997073307	0.689221713321	0.628224460922	0.72510322646	0.72742486043	0.682461929311	0.718737464175	0.737699223409	0.708723874208	0.729006144817	0.678902034659	0.763997868184	0.734749058873	0.650097946922	0.758079139945	0.708817355905	0.717989532708	0.752633603262	0.718719767521	0.659903573545	0.726662275416	0.694794517209	0.693648712693	0.700921454103	0.710469515758	0.713615430215	0.701875126584	0.697617504042	0.652210780818	0.653489628471	0.712963971907	0.0	0.620029598669	0.661728765472	0.6466871758	0.631170952838	0.717220826655	0.709701621129	0.710569811397	0.711611055582	0.680817553625	0.704823862112	0.682065474751	0.720433352815	0.674546496917	0.737216913277	0.772622434154	0.740923499782	0.692457863664	0.715281778827
PIS10	0.741285865501	0.662628164451	0.693692547381	0.705648509355	0.673489375347	0.659632876126	0.668916960958	0.669248737233	0.665722715531	0.613500045425	0.714523247139	0.728130036647	0.755527135316	0.697960830159	0.662161331898	0.695752233371	0.71694696604	0.735168444077	0.719224215251	0.73169272357	0.687490016714	0.736103178345	0.728165163624	0.707043951542	0.729375930464	0.736273507772	0.733751519622	0.751927707041	0.729855891082	0.755868943233	0.714525944447	0.732131459554	0.719250025694	0.747760405732	0.703805235147	0.713449570636	0.619787003616	0.719461112617	0.704881511318	0.625761984037	0.65954732004	0.620029598669	0.0	0.652814071733	0.650262151909	0.605771783682	0.642577743636	0.643544171043	0.67084255287	0.678302826049	0.727305783872	0.672940224045	0.697720901995	0.688842279435	0.665103964539	0.657751665423	0.722012675743	0.733403515932	0.634874973691	0.701176765793
PIS11	0.709021906595	0.6814561716	0.700511716988	0.687063293995	0.696204752184	0.649014978122	0.715502948047	0.663444521324	0.678812620093	0.656441960375	0.689040965557	0.679518617743	0.73479882739	0.71741818907	0.717922039162	0.748191464051	0.727407623591	0.771525338028	0.724866025263	0.736610850865	0.729252034451	0.734777659632	0.722510488806	0.642521324181	0.736465939861	0.715914944473	0.736333909392	0.767226472963	0.74128402287	0.719340685635	0.708642001069	0.739164549398	0.725822958444	0.77320162192	0.736897063449	0.714448479861	0.663152118411	0.658855402124	0.685957961827	0.670349232736	0.648329958648	0.661728765472	0.652814071733	0.0	0.628780525777	0.674998229185	0.702001379685	0.705136145474	0.730125537485	0.700101189265	0.761424956759	0.718929877739	0.736240905007	0.741102143209	0.691414265755	0.694439414646	0.740377251773	0.745783243125	0.680092719982	0.718191542846
