	PAM31	PAM32	PAM33	PAM35	PAM36	PAM37	PAM39	PAM40	PAM41	PAM42	PAM43	PAM44	PAM45	PBW46	PBW47	PBW49	PBW50	PBW51	PBW52	PBW53	PBW54	PBW55	PBW56	PBW58	PBW59	PBW60	PEP16	PEP18	PEP21	PEP23	PEP24	PEP26	PEP27	PEP28	PEP29	PEP30	PIS1	PIS2	PIS4	PIS5	PIS7	PIS9	PIS10	PIS11	PIS14	PIS15	PLL76	PLL77	PLL79	PLL80	PLL83	PLL88	PLL89	PLL90	PPO64	PPO66	PPO67	PPO69	PPO72	PPO75
PAM31	0.0	0.686218886248	0.675522309239	0.671150909755	0.70738273533	0.659669141373	0.694565453712	0.696551771543	0.75352147873	0.65277314046	0.651363345803	0.688005697141	0.662321156779	0.687378855873	0.793616109444	0.780935955219	0.722386960915	0.783920166261	0.749861945547	0.751805297957	0.675405683222	0.719360935808	0.754321472154	0.696028601315	0.704140304507	0.693229315618	0.778234885296	0.740604737825	0.75437876443	0.724095483996	0.724946580372	0.736488714778	0.723540224681	0.734594845348	0.721695149142	0.747141364477	0.718509020839	0.671320831956	0.72209930313	0.763525346724	0.738360781197	0.725411796742	0.718157411338	0.655965207592	0.724599118245	0.656451476632	0.799574074198	0.776413801498	0.673472940778	0.719972344861	0.781517076547	0.752130551655	0.759915046309	0.727677097632	0.693121386651	0.675714936341	0.709305512836	0.723689008251	0.688277307853	0.678428306015
PAM32	0.686218886248	0.0	0.716178362376	0.666056921085	0.65942217942	0.651930300496	0.639838352955	0.586021663962	0.601145340694	0.696739702586	0.685121757612	0.701491903857	0.60104780076	0.765399670811	0.743782753154	0.724953466417	0.783621254619	0.765657630455	0.65164854983	0.720632135493	0.715304049186	0.735462195306	0.765066629794	0.743677127943	0.772998883698	0.736689471799	0.780063122937	0.742848991723	0.777829629986	0.727950137	0.751226378161	0.644374454276	0.750236665522	0.766213496867	0.768191282401	0.769132833219	0.671806316556	0.710026241743	0.705435036818	0.726393596677	0.698855122096	0.702517588758	0.67502672078	0.675581546385	0.713930182742	0.671605351434	0.727544018575	0.734312415514	0.756192491133	0.742044773119	0.753515148172	0.689964101982	0.675054051166	0.676594974205	0.706568566652	0.708068555555	0.758584430263	0.731415266514	0.670813549622	0.697743655489
PAM33	0.675522309239	0.716178362376	0.0	0.646422734725	0.702318755418	0.619285488309	0.662173976088	0.681875572923	0.681120506683	0.643786961492	0.619472610244	0.732197236426	0.640818048671	0.699280475066	0.782905055455	0.808355006644	0.735537928501	0.749358070651	0.729911846935	0.742816647972	0.710477289726	0.741737827048	0.733234910541	0.685415852205	0.765028991036	0.675669629341	0.760337161719	0.755416701808	0.709406116849	0.691303641568	0.725685181189	0.732288594127	0.695717231034	0.715189971599	0.699317147352	0.692938394472	0.713772791724	0.706264900472	0.7492628099	0.684336371478	0.706741838757	0.656362514449	0.716186177134	0.718701224565	0.654304910275	0.630155761306	0.740342138609	0.727290043379	0.713460668846	0.67704166723	0.719549126273	0.709754738466	0.751537965284	0.765940077722	0.621622868698	0.719258151224	0.722738364683	0.739935612118	0.756209657631	0.671243463123
PAM35	0.671150909755	0.666056921085	0.646422734725	0.0	0.627286556722	0.680463323813	0.652119391587	0.662520457948	0.634180206312	0.589072895238	0.575514188587	0.729277593411	0.647959820343	0.756844152385	0.774018101862	0.807416400988	0.760223344936	0.764989041603	0.735300859087	0.759334369028	0.670533997186	0.74734087257	0.735739957445	0.702916317637	0.735665819501	0.718924263809	0.774661352827	0.750114783213	0.749948421872	0.714441291729	0.727621460784	0.71168211498	0.713948325737	0.716022025035	0.715244194085	0.72834321947	0.72048041269	0.734200010532	0.732833033939	0.682062013904	0.722212293591	0.643726252731	0.725277473193	0.721902982485	0.699235842538	0.654528239678	0.768022007458	0.770962005889	0.723356938639	0.695674644806	0.762064267875	0.739143093451	0.78233722703	0.762033567357	0.658001159258	0.73812935913	0.761505476245	0.742528483449	0.73432351291	0.655996414916
PAM36	0.70738273533	0.65942217942	0.702318755418	0.627286556722	0.0	0.659044864125	0.642976282975	0.663258922496	0.654101095831	0.684169214021	0.672642026218	0.730416231895	0.651200345429	0.734440759628	0.763994386526	0.768614300254	0.75984013839	0.762422794549	0.667431549756	0.760247297101	0.747342544335	0.717324205474	0.697065988506	0.733116260277	0.712115582321	0.697890869794	0.694656699716	0.749790442225	0.726070471935	0.694705398004	0.728103726201	0.733086291863	0.722137009263	0.704928422995	0.728895708467	0.72914434958	0.665905074963	0.735380452631	0.709756163975	0.715004247416	0.721877180094	0.674918272663	0.652619945292	0.69389078295	0.668389574474	0.676563078411	0.732307159812	0.695433173926	0.746316819325	0.737777953585	0.733407334244	0.70614117797	0.727087209888	0.708047759725	0.667993716839	0.68944750727	0.73544047051	0.728915595359	0.695264454423	0.727203480386
PAM37	0.659669141373	0.651930300496	0.619285488309	0.680463323813	0.659044864125	0.0	0.641090104364	0.670933886192	0.65398619597	0.65234932509	0.651701899754	0.697246212464	0.636929449813	0.759476952047	0.75165220915	0.75346505749	0.772257711403	0.778666465662	0.725720167674	0.743794004512	0.743435747501	0.752367776111	0.726687754337	0.713785417188	0.727035382734	0.738599577437	0.733951623433	0.752716135203	0.756756529625	0.752548142452	0.698445059983	0.743059926565	0.72816847102	0.762305001691	0.750091369828	0.744960006058	0.660096561031	0.693906232988	0.701630831561	0.699104017629	0.681686682948	0.68886871904	0.680042966317	0.671532478899	0.629774849046	0.634644405052	0.770083872992	0.744461406886	0.758583612153	0.694560159931	0.729337585755	0.729604801991	0.754431545828	0.723701938279	0.707282399892	0.703363047744	0.742508582583	0.737313136048	0.71096936629	0.681005116815
PAM39	0.694565453712	0.639838352955	0.662173976088	0.652119391587	0.642976282975	0.641090104364	0.0	0.578805799387	0.575102351032	0.666425737542	0.627469558961	0.689297995224	0.578925498485	0.754071368189	0.775658028945	0.774806788445	0.722523485176	0.733408131622	0.661254187847	0.761289238109	0.740631397846	0.732060123369	0.735059645732	0.69851335048	0.72934538482	0.68202649505	0.773450899743	0.742300427705	0.706200347887	0.696908798419	0.732880716247	0.693341943189	0.706269670189	0.725429192378	0.730052066864	0.714369359488	0.662434900296	0.735360461496	0.71595195527	0.672735609202	0.721792878027	0.721587908264	0.681053264089	0.706784619408	0.660661114803	0.696983391531	0.703219899433	0.724154591375	0.760646199036	0.72924008751	0.728687990976	0.661414163129	0.68373660607	0.738352281167	0.691267917582	0.691718125761	0.74827781284	0.723560930395	0.722073453548	0.702797275723
PAM40	0.696551771543	0.586021663962	0.681875572923	0.662520457948	0.663258922496	0.670933886192	0.578805799387	0.0	0.571484176602	0.630148191735	0.604309096534	0.685721545316	0.60084891446	0.753859413951	0.733561991828	0.753130158257	0.74081580553	0.734044023558	0.667932392687	0.749666357215	0.712800522496	0.733332891298	0.709801580887	0.727944426143	0.727199437849	0.706027942198	0.775828202565	0.743720100618	0.720366762789	0.707860822144	0.747900975594	0.681518588473	0.706183389416	0.716933348211	0.728993225393	0.725885185657	0.678020178732	0.682876501695	0.664835774276	0.65452579397	0.691947469491	0.726834741294	0.673412878177	0.67194038381	0.647994172872	0.694947090202	0.709809601181	0.718779178333	0.759186951166	0.731499550013	0.713592483694	0.64035078473	0.707171317748	0.70511159564	0.685511038134	0.641640574744	0.754495733699	0.700053518872	0.683834990555	0.656932122954
PAM41	0.75352147873	0.601145340694	0.681120506683	0.634180206312	0.654101095831	0.65398619597	0.575102351032	0.571484176602	0.0	0.63041533576	0.638979077866	0.69763621685	0.591542346018	0.767404561068	0.787780055321	0.78310889319	0.765653819325	0.760163988589	0.687738683832	0.77289535899	0.754422369958	0.753674938356	0.730419899181	0.738809673249	0.759031514495	0.728210609124	0.786327915876	0.773174239669	0.770439818948	0.738844248418	0.785643369098	0.697009010303	0.739887658714	0.761517703102	0.77577893966	0.770762380284	0.700082798725	0.75547946479	0.714387213155	0.703976524164	0.730490734108	0.725600266711	0.682075171841	0.715154108767	0.688089814157	0.71836384428	0.74158854804	0.752343775038	0.77049483174	0.736677759245	0.776290955253	0.690765439753	0.753698857824	0.747554787163	0.705535136297	0.707221995923	0.76819497064	0.749188325453	0.706515508208	0.682347307529
PAM42	0.65277314046	0.696739702586	0.643786961492	0.589072895238	0.684169214021	0.65234932509	0.666425737542	0.630148191735	0.63041533576	0.0	0.558140039612	0.755188365829	0.658446574033	0.761114352792	0.767720150456	0.800539585391	0.761723522061	0.765706774178	0.749945301387	0.769194739324	0.70820714379	0.763341303858	0.74782348133	0.720832354594	0.732123721941	0.711317137682	0.782411397647	0.761413630229	0.732394364014	0.717595550184	0.767300769212	0.721746781344	0.728142652154	0.737185086902	0.723637646251	0.72709824875	0.717578266812	0.714641143934	0.70818669028	0.694153880848	0.728463451013	0.655721595888	0.677641382558	0.742723645092	0.670910239552	0.663798892096	0.766284601348	0.748264468677	0.706955882175	0.690613531733	0.747033127613	0.708968015613	0.779663820806	0.746109213573	0.649797975231	0.714459225442	0.769443076195	0.765130736783	0.724286942433	0.631959240374
PAM43	0.651363345803	0.685121757612	0.619472610244	0.575514188587	0.672642026218	0.651701899754	0.627469558961	0.604309096534	0.638979077866	0.558140039612	0.0	0.724232002062	0.626208652459	0.739786992648	0.766587174284	0.802902810996	0.745086308275	0.752100788483	0.725073256616	0.753205090342	0.670677174715	0.706299089063	0.721685362832	0.693215860898	0.714217744027	0.719439256834	0.763924519741	0.754887309208	0.692256046993	0.697877922242	0.719168372652	0.686503631544	0.675186093562	0.690501565974	0.676696441707	0.709239578085	0.663418324918	0.706850416141	0.687980763053	0.687728361895	0.725960850155	0.658088688241	0.712327598285	0.711378348768	0.647773342674	0.649288579505	0.747696124482	0.737426513457	0.687320576307	0.672964171712	0.742042559483	0.722096988699	0.770402872645	0.73296673338	0.653184895531	0.70436065242	0.737766317554	0.730029095268	0.718152109201	0.649118471885
PAM44	0.688005697141	0.701491903857	0.732197236426	0.729277593411	0.730416231895	0.697246212464	0.689297995224	0.685721545316	0.69763621685	0.755188365829	0.724232002062	0.0	0.642186731123	0.665767456502	0.696864314765	0.743973981974	0.719623368474	0.74777837741	0.687011228052	0.744592531278	0.725903007146	0.733368237117	0.695134707807	0.601626692865	0.687713233338	0.680556137536	0.701639584136	0.729994951027	0.744208548902	0.751724555572	0.743048906691	0.716309320626	0.724353041261	0.730087043458	0.722343398498	0.731093541237	0.724229255338	0.70826767103	0.703178740293	0.724804604977	0.747900708153	0.736798897208	0.736074813945	0.668936342514	0.702457166359	0.68647310592	0.711009402009	0.741418567866	0.70371498259	0.713727569771	0.76829527232	0.714602737091	0.682845803964	0.706928804177	0.740160097471	0.685669571608	0.688843338989	0.68547353904	0.635228617304	0.718664728757
PAM45	0.662321156779	0.60104780076	0.640818048671	0.647959820343	0.651200345429	0.636929449813	0.578925498485	0.60084891446	0.591542346018	0.658446574033	0.626208652459	0.642186731123	0.0	0.697739888093	0.768769827179	0.763333719134	0.692410652806	0.717262972688	0.660447350424	0.744138440286	0.731920675429	0.724172061277	0.717456103505	0.648542940872	0.677481761942	0.661158251722	0.752568406367	0.74107683213	0.727625037957	0.703846224251	0.743604045181	0.678701935994	0.696117147096	0.715892277836	0.753366810169	0.726803062064	0.698863993524	0.731370796256	0.713843805879	0.688112618605	0.721060136479	0.695317647721	0.675941739301	0.642985869463	0.648131682066	0.691215583449	0.697173795336	0.697726421791	0.695469839212	0.715743838135	0.704871181225	0.652488519532	0.655496517041	0.681762115776	0.679192050836	0.622697138911	0.692142131607	0.669827493208	0.636421973842	0.691146455857
PBW46	0.687378855873	0.765399670811	0.699280475066	0.756844152385	0.734440759628	0.759476952047	0.754071368189	0.753859413951	0.767404561068	0.761114352792	0.739786992648	0.665767456502	0.697739888093	0.0	0.688898893114	0.711500210571	0.643330765335	0.644574684595	0.647671092412	0.671498117146	0.71241920482	0.676819702915	0.68559679434	0.648005508389	0.678761139255	0.609056988764	0.714534393122	0.719105251017	0.684519492562	0.741908713064	0.729938026333	0.70803868778	0.682341934893	0.692501774424	0.697944281495	0.701648153443	0.757376561922	0.739792942787	0.739165881357	0.680401228377	0.748045817893	0.706071901916	0.715989218974	0.709553158003	0.727021825335	0.717825478831	0.686578143606	0.655944370795	0.607090066785	0.645060214807	0.664082296607	0.716156318566	0.704623909799	0.707591523288	0.687363332718	0.665154410276	0.66417922931	0.667689411655	0.670876199979	0.694027425989
PBW47	0.793616109444	0.743782753154	0.782905055455	0.774018101862	0.763994386526	0.75165220915	0.775658028945	0.733561991828	0.787780055321	0.767720150456	0.766587174284	0.696864314765	0.768769827179	0.688898893114	0.0	0.61019374227	0.770610660431	0.627298643618	0.677805851833	0.664703471705	0.7057336736	0.726317804034	0.731019098204	0.737670087094	0.757806590233	0.712396401246	0.751581169641	0.77111316456	0.740689512105	0.792847522915	0.744437962158	0.748693929464	0.756004725789	0.729627207392	0.735874762031	0.741665797246	0.753024574716	0.714319514522	0.70358346861	0.680014161975	0.742398024631	0.746287820908	0.758044360518	0.773625913632	0.767039735936	0.725145551782	0.704325926002	0.66790677849	0.719017030175	0.743798931266	0.661261902297	0.727969082428	0.683729813277	0.683545662114	0.779038391298	0.75947151048	0.70411872917	0.7796833105	0.704306764789	0.716206264622
PBW49	0.780935955219	0.724953466417	0.808355006644	0.807416400988	0.768614300254	0.75346505749	0.774806788445	0.753130158257	0.78310889319	0.800539585391	0.802902810996	0.743973981974	0.763333719134	0.711500210571	0.61019374227	0.0	0.757334369425	0.650121546513	0.635528782808	0.676143099173	0.673340549436	0.706839599744	0.749779194876	0.747830971693	0.790740570087	0.752703329505	0.742496139549	0.802297214125	0.784272016426	0.806226912186	0.773369428095	0.758435834864	0.762409501571	0.807170915165	0.765640559464	0.77873666714	0.757390634923	0.717546877464	0.736351606433	0.735245505367	0.778551743745	0.759332569957	0.759983598098	0.771974788555	0.787159049497	0.745176243812	0.736714825041	0.71565571064	0.750906546208	0.727948496599	0.725475982469	0.7674415112	0.692029164914	0.698167748782	0.798625167256	0.758276908973	0.749791336305	0.819497245822	0.732953814616	0.729120531838
PBW50	0.722386960915	0.783621254619	0.735537928501	0.760223344936	0.75984013839	0.772257711403	0.722523485176	0.74081580553	0.765653819325	0.761723522061	0.745086308275	0.719623368474	0.692410652806	0.643330765335	0.770610660431	0.757334369425	0.0	0.635321760901	0.680028332288	0.716852234894	0.710477589072	0.701255277429	0.712034417194	0.611139144147	0.641576847123	0.642169754672	0.764510567647	0.743272196962	0.676068656135	0.708734094756	0.706718310053	0.737841287949	0.640943118552	0.719872946937	0.732573619511	0.675919590596	0.732816517481	0.7695579301	0.765348262458	0.704204494693	0.688979175922	0.737098111791	0.758229808743	0.723245084361	0.705747020951	0.708795724426	0.61919735453	0.632754783662	0.621218365443	0.694773063143	0.698320251118	0.716038903775	0.67355858098	0.693426583359	0.690370231518	0.650775333142	0.664052485544	0.649450048065	0.672049875285	0.684084751046
PBW51	0.783920166261	0.765657630455	0.749358070651	0.764989041603	0.762422794549	0.778666465662	0.733408131622	0.734044023558	0.760163988589	0.765706774178	0.752100788483	0.74777837741	0.717262972688	0.644574684595	0.627298643618	0.650121546513	0.635321760901	0.0	0.621491943941	0.69071545893	0.713902260497	0.723721115945	0.682434449878	0.704997142916	0.700444694795	0.695022655184	0.739672511983	0.777041769613	0.684626394115	0.730661653807	0.749901184385	0.745630223109	0.694777412208	0.735744489795	0.751313717974	0.692931344932	0.746309205733	0.741093268834	0.73986038758	0.650277120446	0.769221091274	0.73885209224	0.750237208398	0.769683930165	0.723834735542	0.762992957158	0.671156745674	0.655674284568	0.661953563218	0.634239787836	0.663115245507	0.711623907817	0.68733762406	0.695859602434	0.718465323258	0.712430384759	0.721960712637	0.778500762275	0.73346682385	0.703309155852
PBW52	0.749861945547	0.65164854983	0.729911846935	0.735300859087	0.667431549756	0.725720167674	0.661254187847	0.667932392687	0.687738683832	0.749945301387	0.725073256616	0.687011228052	0.660447350424	0.647671092412	0.677805851833	0.635528782808	0.680028332288	0.621491943941	0.0	0.642503931635	0.647535803675	0.653885015198	0.687529769148	0.688498972265	0.678718870452	0.680581338555	0.729850466138	0.741840335059	0.73546662499	0.749182417096	0.756057369259	0.683332813387	0.718422041997	0.731230789202	0.702724193833	0.722856166433	0.718083410373	0.698760881811	0.678000796001	0.705076647272	0.735491775842	0.672143093513	0.694681053353	0.742695016808	0.711461636923	0.699972996154	0.591612984054	0.63392035733	0.641893082336	0.650061466026	0.63724267475	0.63852657458	0.663877063165	0.688425225208	0.646656575899	0.69951789823	0.69394112936	0.716322043689	0.686926832977	0.665200634727
PBW53	0.751805297957	0.720632135493	0.742816647972	0.759334369028	0.760247297101	0.743794004512	0.761289238109	0.749666357215	0.77289535899	0.769194739324	0.753205090342	0.744592531278	0.744138440286	0.671498117146	0.664703471705	0.676143099173	0.716852234894	0.69071545893	0.642503931635	0.0	0.635029731217	0.695014056688	0.752139451749	0.708896573878	0.760966767455	0.680101163461	0.746808182155	0.670916592834	0.708751830898	0.729895775658	0.701059434513	0.716693751405	0.710547242981	0.75417004585	0.714736005215	0.677691841849	0.731454820523	0.687178527973	0.747611757888	0.719054346076	0.703324968173	0.730006658134	0.764034055237	0.74942208183	0.769032987271	0.708629300133	0.721723072297	0.718152931854	0.72610137572	0.683321317351	0.70037279921	0.696651369433	0.692330912936	0.693075208684	0.704920227648	0.753979895631	0.689051442622	0.688976597193	0.717210031179	0.680383892
PBW54	0.675405683222	0.715304049186	0.710477289726	0.670533997186	0.747342544335	0.743435747501	0.740631397846	0.712800522496	0.754422369958	0.70820714379	0.670677174715	0.725903007146	0.731920675429	0.71241920482	0.7057336736	0.673340549436	0.710477589072	0.713902260497	0.647535803675	0.635029731217	0.0	0.657128376526	0.759527498858	0.722476399722	0.746544231098	0.712753405986	0.763766983775	0.729334353641	0.750388329569	0.721807352136	0.73253825592	0.693880338401	0.69699517533	0.751402152296	0.691216673281	0.712364728153	0.731096197028	0.67486313847	0.712706308953	0.724807435577	0.703815184786	0.711067261194	0.744430584542	0.728237968062	0.759438682597	0.656782560713	0.70848290339	0.731324542586	0.67068609992	0.649527986763	0.747167497654	0.71762303058	0.693580025693	0.691732015159	0.701375442245	0.732003134108	0.696289965889	0.719965478501	0.711866273448	0.610136194498
PBW55	0.719360935808	0.735462195306	0.741737827048	0.74734087257	0.717324205474	0.752367776111	0.732060123369	0.733332891298	0.753674938356	0.763341303858	0.706299089063	0.733368237117	0.724172061277	0.676819702915	0.726317804034	0.706839599744	0.701255277429	0.723721115945	0.653885015198	0.695014056688	0.657128376526	0.0	0.69309290417	0.723352616346	0.710978798197	0.715073078658	0.694071186793	0.690144571365	0.719228849034	0.712122248973	0.684296974	0.653994850098	0.662482444862	0.643418377982	0.688362553534	0.725065511154	0.691420692154	0.689105206126	0.708125077086	0.736839551342	0.69146743441	0.718462115632	0.699849715833	0.720818338624	0.752955047105	0.688343691667	0.72094938486	0.715902295028	0.682548846985	0.699531802023	0.722227822603	0.718591516977	0.72882926904	0.688441178828	0.721309021063	0.722585910028	0.677226726594	0.706329993647	0.669742021399	0.669971780816
PBW56	0.754321472154	0.765066629794	0.733234910541	0.735739957445	0.697065988506	0.726687754337	0.735059645732	0.709801580887	0.730419899181	0.74782348133	0.721685362832	0.695134707807	0.717456103505	0.68559679434	0.731019098204	0.749779194876	0.712034417194	0.682434449878	0.687529769148	0.752139451749	0.759527498858	0.69309290417	0.0	0.734867653363	0.724734333816	0.672735394466	0.615490091186	0.708596697879	0.706400843019	0.687605257669	0.722459201722	0.731165177425	0.678449399372	0.678555665988	0.708806077513	0.690927761167	0.701046765434	0.735108429655	0.720260809804	0.719540680828	0.708274353067	0.74623214457	0.725949482467	0.751129840375	0.689344347222	0.709897845868	0.70695835734	0.717740068988	0.700275026316	0.722783122005	0.718013030215	0.711313747502	0.728465761151	0.708668934662	0.700621871411	0.635857374345	0.723258794891	0.700135963511	0.699783787431	0.683103328579
PBW58	0.696028601315	0.743677127943	0.685415852205	0.702916317637	0.733116260277	0.713785417188	0.69851335048	0.727944426143	0.738809673249	0.720832354594	0.693215860898	0.601626692865	0.648542940872	0.648005508389	0.737670087094	0.747830971693	0.611139144147	0.704997142916	0.688498972265	0.708896573878	0.722476399722	0.723352616346	0.734867653363	0.0	0.657890221924	0.595204247753	0.763477074831	0.728432018368	0.673769849221	0.68396421505	0.7206964053	0.714312146986	0.700826987716	0.68421100495	0.743236571101	0.663397296043	0.7216503666	0.686079410494	0.751509304035	0.716394183402	0.74827217465	0.660524534594	0.743847720593	0.683155966511	0.69036801104	0.689660800237	0.691255309826	0.698159926219	0.649949628854	0.670504669131	0.734563068588	0.699928533538	0.712931065346	0.729630418901	0.668539283892	0.672951143405	0.687928876922	0.698286183837	0.68671546374	0.708618661027
PBW59	0.704140304507	0.772998883698	0.765028991036	0.735665819501	0.712115582321	0.727035382734	0.72934538482	0.727199437849	0.759031514495	0.732123721941	0.714217744027	0.687713233338	0.677481761942	0.678761139255	0.757806590233	0.790740570087	0.641576847123	0.700444694795	0.678718870452	0.760966767455	0.746544231098	0.710978798197	0.724734333816	0.657890221924	0.0	0.697684415782	0.74531331043	0.751288402913	0.750147654062	0.727507910237	0.733502610348	0.763896014682	0.696493067131	0.733821934561	0.733169023683	0.709143119307	0.729650965353	0.715026800383	0.710688892488	0.700449267427	0.748719520756	0.725355183313	0.71960463662	0.681411166128	0.673118543672	0.729848499355	0.673447399484	0.642541159361	0.653850763137	0.737304024683	0.68855952843	0.71746202862	0.714982349865	0.73568837042	0.726606439341	0.699685881585	0.7068891231	0.712079079475	0.669266145584	0.697267381891
PBW60	0.693229315618	0.736689471799	0.675669629341	0.718924263809	0.697890869794	0.738599577437	0.68202649505	0.706027942198	0.728210609124	0.711317137682	0.719439256834	0.680556137536	0.661158251722	0.609056988764	0.712396401246	0.752703329505	0.642169754672	0.695022655184	0.680581338555	0.680101163461	0.712753405986	0.715073078658	0.672735394466	0.595204247753	0.697684415782	0.0	0.747460871722	0.720949912098	0.659819074777	0.66245937184	0.706013295132	0.709688583715	0.707370270977	0.658375586045	0.717634621221	0.635922247219	0.683613972268	0.682008418046	0.746995207403	0.665729149114	0.684163257779	0.706279204501	0.707441112928	0.657657593324	0.721887385272	0.690160673179	0.697118324982	0.688312047778	0.653530583137	0.685962122769	0.690604476265	0.678735156469	0.69291480602	0.717179837325	0.662594132165	0.656054305595	0.638429873034	0.662813790337	0.672273857905	0.660267049123
PEP16	0.778234885296	0.780063122937	0.760337161719	0.774661352827	0.694656699716	0.733951623433	0.773450899743	0.775828202565	0.786327915876	0.782411397647	0.763924519741	0.701639584136	0.752568406367	0.714534393122	0.751581169641	0.742496139549	0.764510567647	0.739672511983	0.729850466138	0.746808182155	0.763766983775	0.694071186793	0.615490091186	0.763477074831	0.74531331043	0.747460871722	0.0	0.696355039793	0.70421934341	0.706077824974	0.728565364802	0.73863595219	0.682190878346	0.742034081926	0.696893247782	0.712092411777	0.71730075672	0.749518584669	0.731626416987	0.758728230676	0.747592588085	0.737691292792	0.746762215181	0.754157395856	0.730446064775	0.712315692787	0.744536743824	0.740730521577	0.772673841394	0.772984371936	0.70112006819	0.739814886813	0.739983105933	0.712601278916	0.762759576933	0.733002062348	0.713024239365	0.744853237616	0.743503358533	0.744218961513
PEP18	0.740604737825	0.742848991723	0.755416701808	0.750114783213	0.749790442225	0.752716135203	0.742300427705	0.743720100618	0.773174239669	0.761413630229	0.754887309208	0.729994951027	0.74107683213	0.719105251017	0.77111316456	0.802297214125	0.743272196962	0.777041769613	0.741840335059	0.670916592834	0.729334353641	0.690144571365	0.708596697879	0.728432018368	0.751288402913	0.720949912098	0.696355039793	0.0	0.664424367484	0.684895443899	0.682535063303	0.654245674487	0.656655609367	0.658973456564	0.740513950658	0.680457165879	0.736256324576	0.747417737775	0.766623197016	0.768271875181	0.714632065466	0.772103730851	0.751432694813	0.768688485879	0.744514133543	0.727609143781	0.750731477842	0.768213496615	0.753681245874	0.754295986074	0.732233621448	0.724590628282	0.71715617421	0.724340400896	0.709797164536	0.727574694127	0.68256678273	0.665182392476	0.720229525187	0.714165703281
PEP21	0.75437876443	0.777829629986	0.709406116849	0.749948421872	0.726070471935	0.756756529625	0.706200347887	0.720366762789	0.770439818948	0.732394364014	0.692256046993	0.744208548902	0.727625037957	0.684519492562	0.740689512105	0.784272016426	0.676068656135	0.684626394115	0.73546662499	0.708751830898	0.750388329569	0.719228849034	0.706400843019	0.673769849221	0.750147654062	0.659819074777	0.70421934341	0.664424367484	0.0	0.65341713907	0.673084553271	0.67829516072	0.625120464112	0.637225513616	0.693632620691	0.608757457483	0.730481845161	0.703244496857	0.733723410393	0.688919824521	0.700678748976	0.725788969243	0.74854519147	0.763306800542	0.693372064981	0.711019748217	0.733326426268	0.742434907257	0.710548627263	0.701898414831	0.706463357498	0.697421198807	0.722319455876	0.715388095865	0.681250888364	0.714968833198	0.697098424866	0.696660140362	0.706826831809	0.697290967159
PEP23	0.724095483996	0.727950137	0.691303641568	0.714441291729	0.694705398004	0.752548142452	0.696908798419	0.707860822144	0.738844248418	0.717595550184	0.697877922242	0.751724555572	0.703846224251	0.741908713064	0.792847522915	0.806226912186	0.708734094756	0.730661653807	0.749182417096	0.729895775658	0.721807352136	0.712122248973	0.687605257669	0.68396421505	0.727507910237	0.66245937184	0.706077824974	0.684895443899	0.65341713907	0.0	0.706452627479	0.692169795652	0.657059624696	0.649784958631	0.716171471212	0.649824367651	0.727696186458	0.721567939754	0.735042078519	0.727891458993	0.710105266687	0.712423385762	0.745078607235	0.743464457091	0.692964837734	0.686835498016	0.74761709091	0.727501136255	0.750226201586	0.735882834211	0.719294390129	0.704147645706	0.739880500928	0.757832497699	0.691250406275	0.700002007513	0.717187128856	0.68500796415	0.73553940975	0.695518303238
PEP24	0.724946580372	0.751226378161	0.725685181189	0.727621460784	0.728103726201	0.698445059983	0.732880716247	0.747900975594	0.785643369098	0.767300769212	0.719168372652	0.743048906691	0.743604045181	0.729938026333	0.744437962158	0.773369428095	0.706718310053	0.749901184385	0.756057369259	0.701059434513	0.73253825592	0.684296974	0.722459201722	0.7206964053	0.733502610348	0.706013295132	0.728565364802	0.682535063303	0.673084553271	0.706452627479	0.0	0.703838072473	0.688382608682	0.699636315239	0.667426361896	0.675140888983	0.673677620639	0.730038871024	0.744517574159	0.719470198585	0.672687504618	0.749587127508	0.750895516478	0.732337450015	0.728274817781	0.655335531037	0.772925435099	0.761527304776	0.760289619889	0.727458464377	0.747054558555	0.750949994627	0.709804675401	0.720658129129	0.720719741221	0.730816392162	0.708561729175	0.682301113176	0.703872804219	0.724384305428
PEP26	0.736488714778	0.644374454276	0.732288594127	0.71168211498	0.733086291863	0.743059926565	0.693341943189	0.681518588473	0.697009010303	0.721746781344	0.686503631544	0.716309320626	0.678701935994	0.70803868778	0.748693929464	0.758435834864	0.737841287949	0.745630223109	0.683332813387	0.716693751405	0.693880338401	0.653994850098	0.731165177425	0.714312146986	0.763896014682	0.709688583715	0.73863595219	0.654245674487	0.67829516072	0.692169795652	0.703838072473	0.0	0.63285943026	0.706253686344	0.6678776094	0.713069183846	0.696315246523	0.727229478828	0.705265597336	0.743310417533	0.715350306004	0.712249970941	0.731874655949	0.738862822962	0.711965881526	0.674441847551	0.709024532864	0.740384869726	0.718705814795	0.679832108648	0.7402129106	0.683478597364	0.693689271818	0.692685181009	0.724701063904	0.724507334767	0.713723856741	0.686175942803	0.667989486877	0.703287265738
PEP27	0.723540224681	0.750236665522	0.695717231034	0.713948325737	0.722137009263	0.72816847102	0.706269670189	0.706183389416	0.739887658714	0.728142652154	0.675186093562	0.724353041261	0.696117147096	0.682341934893	0.756004725789	0.762409501571	0.640943118552	0.694777412208	0.718422041997	0.710547242981	0.69699517533	0.662482444862	0.678449399372	0.700826987716	0.696493067131	0.707370270977	0.682190878346	0.656655609367	0.625120464112	0.657059624696	0.688382608682	0.63285943026	0.0	0.673845433213	0.681515595024	0.660855227582	0.71560226637	0.726058194078	0.725839171456	0.683721975035	0.700137647504	0.711532006137	0.716067803088	0.73089517893	0.718321994241	0.668059054514	0.723448329193	0.705075595991	0.697732783854	0.677101238849	0.649808011767	0.674834621028	0.717237128351	0.678365678789	0.694239198196	0.667480185469	0.714112454963	0.6853412961	0.714664372953	0.679246960686
PEP28	0.734594845348	0.766213496867	0.715189971599	0.716022025035	0.704928422995	0.762305001691	0.725429192378	0.716933348211	0.761517703102	0.737185086902	0.690501565974	0.730087043458	0.715892277836	0.692501774424	0.729627207392	0.807170915165	0.719872946937	0.735744489795	0.731230789202	0.75417004585	0.751402152296	0.643418377982	0.678555665988	0.68421100495	0.733821934561	0.658375586045	0.742034081926	0.658973456564	0.637225513616	0.649784958631	0.699636315239	0.706253686344	0.673845433213	0.0	0.700009244411	0.659104230632	0.704387096967	0.738659003968	0.744746996767	0.708201828283	0.703743977285	0.736663195846	0.737253171303	0.761218843825	0.728160228978	0.717790779872	0.746560613982	0.720162355709	0.697408101308	0.728685585764	0.70254066284	0.703745142734	0.720285379244	0.710153059366	0.694759271987	0.69858776256	0.64847529147	0.678660755451	0.721526850549	0.69946193999
PEP29	0.721695149142	0.768191282401	0.699317147352	0.715244194085	0.728895708467	0.750091369828	0.730052066864	0.728993225393	0.77577893966	0.723637646251	0.676696441707	0.722343398498	0.753366810169	0.697944281495	0.735874762031	0.765640559464	0.732573619511	0.751313717974	0.702724193833	0.714736005215	0.691216673281	0.688362553534	0.708806077513	0.743236571101	0.733169023683	0.717634621221	0.696893247782	0.740513950658	0.693632620691	0.716171471212	0.667426361896	0.6678776094	0.681515595024	0.700009244411	0.0	0.638533357175	0.721581514602	0.728404596516	0.728002230835	0.703827215695	0.689104390766	0.67130049237	0.70258336622	0.725210033631	0.731785332623	0.64290198803	0.747401571809	0.741260152686	0.667414823226	0.675570403421	0.730708290502	0.717902724371	0.732031450797	0.70396947519	0.683350235866	0.726306059386	0.716496473329	0.737073592095	0.7067825358	0.678875181079
PEP30	0.747141364477	0.769132833219	0.692938394472	0.72834321947	0.72914434958	0.744960006058	0.714369359488	0.725885185657	0.770762380284	0.72709824875	0.709239578085	0.731093541237	0.726803062064	0.701648153443	0.741665797246	0.77873666714	0.675919590596	0.692931344932	0.722856166433	0.677691841849	0.712364728153	0.725065511154	0.690927761167	0.663397296043	0.709143119307	0.635922247219	0.712092411777	0.680457165879	0.608757457483	0.649824367651	0.675140888983	0.713069183846	0.660855227582	0.659104230632	0.638533357175	0.0	0.708531757748	0.726293945216	0.733729500839	0.648030244968	0.723293636573	0.735089109072	0.762746344741	0.74850610195	0.69790000288	0.693061545016	0.707720115247	0.69097873795	0.702639838355	0.711851844474	0.709671559754	0.686145146959	0.734304392514	0.75073960627	0.691764183243	0.713361322854	0.680741611112	0.699374765208	0.715176340793	0.676074170006
PIS1	0.718509020839	0.671806316556	0.713772791724	0.72048041269	0.665905074963	0.660096561031	0.662434900296	0.678020178732	0.700082798725	0.717578266812	0.663418324918	0.724229255338	0.698863993524	0.757376561922	0.753024574716	0.757390634923	0.732816517481	0.746309205733	0.718083410373	0.731454820523	0.731096197028	0.691420692154	0.701046765434	0.7216503666	0.729650965353	0.683613972268	0.71730075672	0.736256324576	0.730481845161	0.727696186458	0.673677620639	0.696315246523	0.71560226637	0.704387096967	0.721581514602	0.708531757748	0.0	0.714479244307	0.681303720361	0.684257858925	0.691427132038	0.716531737382	0.661656803001	0.663830903761	0.656749196968	0.668180702425	0.724577020491	0.676152239491	0.75088042925	0.732725639613	0.734514839714	0.683302125249	0.701136167198	0.698550049346	0.708373053251	0.704088771568	0.708704286031	0.714666416078	0.696150056343	0.713097132089
PIS2	0.671320831956	0.710026241743	0.706264900472	0.734200010532	0.735380452631	0.693906232988	0.735360461496	0.682876501695	0.75547946479	0.714641143934	0.706850416141	0.70826767103	0.731370796256	0.739792942787	0.714319514522	0.717546877464	0.7695579301	0.741093268834	0.698760881811	0.687178527973	0.67486313847	0.689105206126	0.735108429655	0.686079410494	0.715026800383	0.682008418046	0.749518584669	0.747417737775	0.703244496857	0.721567939754	0.730038871024	0.727229478828	0.726058194078	0.738659003968	0.728404596516	0.726293945216	0.714479244307	0.0	0.62502027269	0.726061462051	0.683786404419	0.66913330312	0.682097011318	0.690848593526	0.741952875348	0.669529398053	0.746484334615	0.751876127736	0.721760869462	0.726959367613	0.726040620589	0.708809516214	0.743932148878	0.719013563167	0.710165460538	0.75057487852	0.733175782794	0.770780809785	0.728511578982	0.667630505868
PIS4	0.72209930313	0.705435036818	0.7492628099	0.732833033939	0.709756163975	0.701630831561	0.71595195527	0.664835774276	0.714387213155	0.70818669028	0.687980763053	0.703178740293	0.713843805879	0.739165881357	0.70358346861	0.736351606433	0.765348262458	0.73986038758	0.678000796001	0.747611757888	0.712706308953	0.708125077086	0.720260809804	0.751509304035	0.710688892488	0.746995207403	0.731626416987	0.766623197016	0.733723410393	0.735042078519	0.744517574159	0.705265597336	0.725839171456	0.744746996767	0.728002230835	0.733729500839	0.681303720361	0.62502027269	0.0	0.702302958243	0.714182605524	0.720708873858	0.666671199473	0.722209639686	0.730538799331	0.664214753752	0.730048591743	0.714239289079	0.742077068123	0.753646839261	0.727428386958	0.69305010722	0.730486075611	0.700813638387	0.75778532635	0.698531993088	0.737246202138	0.764885958363	0.690840745155	0.67642875036
PIS5	0.763525346724	0.726393596677	0.684336371478	0.682062013904	0.715004247416	0.699104017629	0.672735609202	0.65452579397	0.703976524164	0.694153880848	0.687728361895	0.724804604977	0.688112618605	0.680401228377	0.680014161975	0.735245505367	0.704204494693	0.650277120446	0.705076647272	0.719054346076	0.724807435577	0.736839551342	0.719540680828	0.716394183402	0.700449267427	0.665729149114	0.758728230676	0.768271875181	0.688919824521	0.727891458993	0.719470198585	0.743310417533	0.683721975035	0.708201828283	0.703827215695	0.648030244968	0.684257858925	0.726061462051	0.702302958243	0.0	0.72133283935	0.693671813344	0.70114996836	0.684915938661	0.664591358515	0.654115209728	0.686089974224	0.663779515714	0.713310518766	0.676543168848	0.629153379202	0.677020015307	0.70735905798	0.703696539839	0.689881217206	0.666661962469	0.739410702305	0.736305059786	0.680838487222	0.693029641008
PIS7	0.738360781197	0.698855122096	0.706741838757	0.722212293591	0.721877180094	0.681686682948	0.721792878027	0.691947469491	0.730490734108	0.728463451013	0.725960850155	0.747900708153	0.721060136479	0.748045817893	0.742398024631	0.778551743745	0.688979175922	0.769221091274	0.735491775842	0.703324968173	0.703815184786	0.69146743441	0.708274353067	0.74827217465	0.748719520756	0.684163257779	0.747592588085	0.714632065466	0.700678748976	0.710105266687	0.672687504618	0.715350306004	0.700137647504	0.703743977285	0.689104390766	0.723293636573	0.691427132038	0.683786404419	0.714182605524	0.72133283935	0.0	0.732761574217	0.690134434485	0.724585556677	0.722125969027	0.658768317033	0.738787786429	0.713057633034	0.72959069865	0.705020269352	0.731417899934	0.717690963759	0.719371359522	0.685524367235	0.690745065356	0.670321034812	0.712476871406	0.658533626328	0.689364238186	0.700421484055
PIS9	0.725411796742	0.702517588758	0.656362514449	0.643726252731	0.674918272663	0.68886871904	0.721587908264	0.726834741294	0.725600266711	0.655721595888	0.658088688241	0.736798897208	0.695317647721	0.706071901916	0.746287820908	0.759332569957	0.737098111791	0.73885209224	0.672143093513	0.730006658134	0.711067261194	0.718462115632	0.74623214457	0.660524534594	0.725355183313	0.706279204501	0.737691292792	0.772103730851	0.725788969243	0.712423385762	0.749587127508	0.712249970941	0.711532006137	0.736663195846	0.67130049237	0.735089109072	0.716531737382	0.66913330312	0.720708873858	0.693671813344	0.732761574217	0.0	0.661654429558	0.708426505211	0.647124881341	0.590961089426	0.706854765586	0.672666753917	0.63197932629	0.635771043669	0.69296876555	0.687069582147	0.75120677656	0.705778771188	0.615708460037	0.72957432248	0.74790674367	0.776307585159	0.714872388952	0.6565234907
PIS10	0.718157411338	0.67502672078	0.716186177134	0.725277473193	0.652619945292	0.680042966317	0.681053264089	0.673412878177	0.682075171841	0.677641382558	0.712327598285	0.736074813945	0.675941739301	0.715989218974	0.758044360518	0.759983598098	0.758229808743	0.750237208398	0.694681053353	0.764034055237	0.744430584542	0.699849715833	0.725949482467	0.743847720593	0.71960463662	0.707441112928	0.746762215181	0.751432694813	0.74854519147	0.745078607235	0.750895516478	0.731874655949	0.716067803088	0.737253171303	0.70258336622	0.762746344741	0.661656803001	0.682097011318	0.666671199473	0.70114996836	0.690134434485	0.661654429558	0.0	0.678827128791	0.70531521434	0.683414117141	0.721561880963	0.677261887351	0.713316559555	0.750044311644	0.727310675517	0.688909595772	0.723127065297	0.685356280773	0.674628236952	0.679562429517	0.733452322799	0.736447897698	0.715058258512	0.718017872221
PIS11	0.655965207592	0.675581546385	0.718701224565	0.721902982485	0.69389078295	0.671532478899	0.706784619408	0.67194038381	0.715154108767	0.742723645092	0.711378348768	0.668936342514	0.642985869463	0.709553158003	0.773625913632	0.771974788555	0.723245084361	0.769683930165	0.742695016808	0.74942208183	0.728237968062	0.720818338624	0.751129840375	0.683155966511	0.681411166128	0.657657593324	0.754157395856	0.768688485879	0.763306800542	0.743464457091	0.732337450015	0.738862822962	0.73089517893	0.761218843825	0.725210033631	0.74850610195	0.663830903761	0.690848593526	0.722209639686	0.684915938661	0.724585556677	0.708426505211	0.678827128791	0.0	0.678309627454	0.652083962511	0.741649418157	0.726436054208	0.709223856996	0.741172777837	0.775180870266	0.731167546757	0.731246764404	0.691638605	0.710937120519	0.668252321849	0.717459134053	0.713754162223	0.655711648001	0.747724355711
