	PAM31	PAM32	PAM33	PAM35	PAM36	PAM37	PAM39	PAM40	PAM41	PAM42	PAM43	PAM44	PAM45	PBW46	PBW47	PBW49	PBW50	PBW51	PBW52	PBW53	PBW54	PBW55	PBW56	PBW58	PBW59	PBW60	PEP16	PEP18	PEP21	PEP23	PEP24	PEP26	PEP27	PEP28	PEP29	PEP30	PIS1	PIS2	PIS4	PIS5	PIS7	PIS9	PIS10	PIS11	PIS14	PIS15	PLL76	PLL77	PLL79	PLL80	PLL83	PLL88	PLL89	PLL90	PPO64	PPO66	PPO67	PPO69	PPO72	PPO75
PAM31	0.0	0.700288503617	0.70372591227	0.700241091777	0.618052454141	0.594017989782	0.623087966712	0.595720080443	0.713903798079	0.655725365075	0.641113780862	0.636642477146	0.586483939539	0.655883757349	0.727612086962	0.723440141801	0.681052694415	0.706384013316	0.642251616522	0.690019165988	0.697130170735	0.723152434301	0.714498527246	0.61834525858	0.673657761284	0.712276530242	0.756563137275	0.74199102571	0.645541400812	0.686641690405	0.690772752279	0.685729735528	0.673017473027	0.678321024889	0.721527058553	0.710264577332	0.6562397074	0.648983127084	0.669584231334	0.714266632879	0.727316132106	0.721783081362	0.678971547015	0.64037922533	0.657570044909	0.6192790469	0.725419743445	0.709455929599	0.669551382773	0.759364991954	0.730022429077	0.685495748228	0.7089340604	0.644624255549	0.654230990148	0.68942078608	0.694565318503	0.707240405948	0.64655814531	0.667412611391
PAM32	0.700288503617	0.0	0.66377411241	0.636317677728	0.680863708786	0.625321913126	0.620180502919	0.648260515887	0.656418381112	0.652857101623	0.707981811125	0.730409260231	0.626055323866	0.765466661049	0.759290968738	0.708555256369	0.741761035589	0.750983000559	0.73123204751	0.759885699429	0.733695585683	0.75715679001	0.778892726606	0.729068359599	0.756704119838	0.747649727542	0.79212421469	0.759340385124	0.793811829004	0.792998946975	0.788842516385	0.669328483974	0.759881538749	0.759709278956	0.778377581607	0.744070568105	0.693154560113	0.66537725458	0.720433565409	0.721466693911	0.73179657476	0.714699525264	0.724598066139	0.692233054738	0.718773698398	0.722427087534	0.741958198224	0.765089675719	0.755891561616	0.757788614035	0.778170391301	0.739320853692	0.713401228556	0.730614694783	0.733737545908	0.716778433031	0.739175289544	0.74089264804	0.722115327824	0.73338946601
PAM33	0.70372591227	0.66377411241	0.0	0.668687131641	0.68572843868	0.623404418055	0.730528468961	0.698148619534	0.740935287147	0.694399433858	0.701679657074	0.74714475791	0.725387018916	0.725304003108	0.743591041522	0.76473726354	0.754302094197	0.763561904646	0.736538819691	0.775907246948	0.747242047121	0.713291453582	0.741194419526	0.753665993429	0.728952931534	0.718963910066	0.779276247686	0.784433224061	0.773816595046	0.765476212264	0.766220665547	0.75837218519	0.783422092191	0.720306488075	0.752373214902	0.769865320939	0.708822938929	0.69445308633	0.727035245391	0.687533755789	0.736854792053	0.744349163927	0.695364639366	0.710535641153	0.68050060621	0.687974004434	0.69154666355	0.730467103431	0.74395042632	0.723107275378	0.777788928727	0.750340351049	0.756884996296	0.751737005351	0.701180595624	0.714927482807	0.719187393811	0.760043701316	0.71842627969	0.770490609582
PAM35	0.700241091777	0.636317677728	0.668687131641	0.0	0.633536380575	0.630686935191	0.694304016097	0.662438997554	0.692590172831	0.669811539146	0.6604895375	0.717875212148	0.699730430105	0.743429153791	0.72205250983	0.763292394907	0.710588896894	0.774927257981	0.749230261696	0.725835178188	0.761304157281	0.703246347541	0.734228078954	0.692823990392	0.72068349623	0.716790886879	0.778777636638	0.765040621642	0.758540643652	0.778254227695	0.740447875623	0.716287902336	0.743170202613	0.72304329721	0.738923153692	0.714712555828	0.659475120581	0.656910291165	0.712749224737	0.702706102143	0.735780090272	0.712889877945	0.685620105108	0.63395042832	0.693483291919	0.683897147954	0.745710826147	0.747334336872	0.766581162239	0.732562836642	0.777263756716	0.715477305402	0.74119624005	0.742978625871	0.747457648357	0.730630605735	0.723595598907	0.770017836478	0.694964385417	0.726676365017
PAM36	0.618052454141	0.680863708786	0.68572843868	0.633536380575	0.0	0.61648874408	0.696886013144	0.630214324432	0.7028997467	0.675504059857	0.69254872435	0.725923250207	0.654515233413	0.754678387461	0.73785225204	0.770030713008	0.682231992136	0.744697320865	0.736243606184	0.740760821403	0.74296627336	0.719822539165	0.709850530139	0.707485872436	0.726904123371	0.697149361926	0.744586530512	0.769959893676	0.709554188002	0.721592275181	0.704647824086	0.721484639862	0.678248235945	0.679301638175	0.748485301551	0.706107626596	0.696740533807	0.700288874016	0.70565238463	0.70284387223	0.71663562338	0.723244069356	0.682888286592	0.682503405038	0.652955804973	0.69643115695	0.737201378059	0.725569257185	0.714419801925	0.740241922725	0.722908769855	0.693721570421	0.709390385639	0.704245924297	0.711374343722	0.694910131422	0.730666571287	0.764052925679	0.718890120794	0.692910540111
PAM37	0.594017989782	0.625321913126	0.623404418055	0.630686935191	0.61648874408	0.0	0.69062206019	0.615193807696	0.678475164514	0.655501764953	0.690687805671	0.696547562853	0.628751032966	0.73846415581	0.714348052574	0.748160274019	0.70404960307	0.719623890427	0.702341601445	0.750596173653	0.696271462639	0.708865978611	0.733031277751	0.675406493671	0.704567308703	0.684407692675	0.772775663347	0.797958955747	0.732135240696	0.735306364363	0.715712825127	0.744934002656	0.738548930775	0.722531339222	0.742893490472	0.75384883522	0.708380796641	0.66125457172	0.667751720716	0.672909969186	0.720741839534	0.724585871942	0.695318855098	0.656330424103	0.698641531077	0.705856668532	0.734205678264	0.735343743688	0.727956899692	0.731208340211	0.7529894249	0.69435067904	0.743854883636	0.75452873714	0.707627092032	0.736531783757	0.745126677623	0.796357227958	0.737025075705	0.720086796939
PAM39	0.623087966712	0.620180502919	0.730528468961	0.694304016097	0.696886013144	0.69062206019	0.0	0.651134946853	0.622825743813	0.677457290129	0.596752496255	0.699865309662	0.6205131543	0.720277191057	0.768945597508	0.751872171769	0.719701134675	0.783969603689	0.69799732893	0.745862865371	0.758108474534	0.739010394034	0.76615865331	0.64681117381	0.686317808866	0.697288022987	0.732139328499	0.709517286181	0.710713872173	0.715999692503	0.757948452576	0.656929845841	0.712119639914	0.713451125554	0.716057919447	0.714327265196	0.681124914154	0.69464599418	0.662566315752	0.724098186772	0.756419791384	0.726307975613	0.689031594711	0.695645553939	0.743298249692	0.669077725072	0.741333266649	0.753252592936	0.702349052035	0.744884682142	0.76484227073	0.725925126743	0.73273556089	0.688763755897	0.679521631424	0.664098929291	0.666823854673	0.660485015164	0.668372925816	0.66651258291
PAM40	0.595720080443	0.648260515887	0.698148619534	0.662438997554	0.630214324432	0.615193807696	0.651134946853	0.0	0.634362269983	0.617292005525	0.676493116172	0.726346600068	0.631299165396	0.745793947796	0.714233278853	0.745707664562	0.66391859219	0.738084048332	0.731640635419	0.727578928052	0.714858961196	0.727249303964	0.721377325117	0.685603066726	0.716239190598	0.68166004897	0.773495442059	0.76313454424	0.708148435184	0.71212232732	0.723194256107	0.715354037126	0.705582707603	0.702095230007	0.759400192761	0.728990466926	0.653262301744	0.671560363747	0.651226720292	0.698232457731	0.731353631899	0.716803614998	0.677826994566	0.662661423135	0.678257048131	0.716770953929	0.721407319222	0.734280060234	0.717238463842	0.739457669804	0.711511858212	0.663054775394	0.716840975489	0.704291023548	0.7107713337	0.734361507978	0.722850771819	0.755216835389	0.714277445181	0.684674111981
PAM41	0.713903798079	0.656418381112	0.740935287147	0.692590172831	0.7028997467	0.678475164514	0.622825743813	0.634362269983	0.0	0.659049508395	0.648354608872	0.773104701262	0.694040410725	0.79196625206	0.769352481104	0.774200483504	0.726273368294	0.801839618025	0.757935667749	0.735004749256	0.758601015587	0.768963374845	0.784124735975	0.751385414251	0.777108779674	0.725969049094	0.758206350213	0.767972523541	0.779728132356	0.784971482374	0.770166845498	0.710862167849	0.762490779398	0.752214782578	0.728104603318	0.761473332271	0.710345862339	0.689027033346	0.703093696182	0.706426586519	0.762171073225	0.710948593616	0.744037079276	0.713090375506	0.743574406579	0.750008884039	0.765718209753	0.789207312901	0.741276949164	0.722713110247	0.788088315241	0.758325300275	0.785407246854	0.765726574554	0.759723192556	0.769222772081	0.751880973486	0.763002096056	0.757457956671	0.709397585365
PAM42	0.655725365075	0.652857101623	0.694399433858	0.669811539146	0.675504059857	0.655501764953	0.677457290129	0.617292005525	0.659049508395	0.0	0.676331428509	0.712941122184	0.693850841901	0.761063327208	0.733402886177	0.767302077419	0.749336378817	0.777802443797	0.737519453857	0.77053048346	0.720309644469	0.752945460343	0.760784555518	0.726180768966	0.746779472746	0.720657357074	0.78464242888	0.757366535464	0.775627990586	0.74903390767	0.764097539816	0.73121356762	0.758949460752	0.738695531368	0.739088319233	0.755866056616	0.637661518877	0.610649470975	0.712329867112	0.729211559281	0.753337489938	0.707579888063	0.678222347091	0.673049808383	0.69654630346	0.717412464335	0.744826980832	0.739128318672	0.772047856588	0.753608391207	0.737380562174	0.693007424477	0.732184042133	0.741484742841	0.71505331948	0.762101319536	0.766475304454	0.771216211668	0.736503467468	0.720453484409
PAM43	0.641113780862	0.707981811125	0.701679657074	0.6604895375	0.69254872435	0.690687805671	0.596752496255	0.676493116172	0.648354608872	0.676331428509	0.0	0.707199813442	0.659052407647	0.723705050843	0.794437220642	0.796928655431	0.713291707252	0.791827225451	0.715842914861	0.779246193167	0.78336517696	0.72670542215	0.743098988366	0.669965163139	0.676978525373	0.690641417903	0.672595595978	0.718735474896	0.70163145893	0.709647147188	0.736123302247	0.701271293852	0.725623832652	0.728365900223	0.673216208282	0.72678136126	0.693081649502	0.718645357774	0.648323958584	0.690442801515	0.736442131887	0.716585212092	0.687092166242	0.687867792214	0.721580633551	0.69674200292	0.740285440675	0.756082092875	0.694390749778	0.723469583995	0.772506820924	0.752107252548	0.745249594065	0.683896184783	0.70290019086	0.688972676637	0.635433142906	0.705058168155	0.673846806533	0.714218358735
PAM44	0.636642477146	0.730409260231	0.74714475791	0.717875212148	0.725923250207	0.696547562853	0.699865309662	0.726346600068	0.773104701262	0.712941122184	0.707199813442	0.0	0.632674529377	0.636449274214	0.726454168657	0.715307913342	0.709838279701	0.698007944726	0.630256317534	0.72338536289	0.692397942523	0.723564155819	0.703593826935	0.551079504209	0.651822776553	0.718105406018	0.769422772044	0.750554597867	0.728249788014	0.756097244005	0.754799616988	0.713509920015	0.751997986794	0.751885949538	0.749100055603	0.737439932173	0.724250051919	0.711334020882	0.725758160683	0.720512193039	0.767081429969	0.717060084032	0.742170304891	0.702431395205	0.689352446974	0.679184426991	0.721495380691	0.689715507073	0.69358105137	0.714534794237	0.750424387747	0.730122813477	0.666322363425	0.660466706682	0.6315057654	0.70453121045	0.724877702451	0.706555070644	0.694084307034	0.717809971327
PAM45	0.586483939539	0.626055323866	0.725387018916	0.699730430105	0.654515233413	0.628751032966	0.6205131543	0.631299165396	0.694040410725	0.693850841901	0.659052407647	0.632674529377	0.0	0.654990556504	0.765560731516	0.735193807188	0.660393314896	0.699044933823	0.65220130749	0.715083711465	0.721709461208	0.726809576911	0.702703448569	0.66070295089	0.663832034136	0.728261240086	0.768934468572	0.768316252824	0.688126783685	0.737512121308	0.730333674146	0.672607676597	0.720377924723	0.708206491458	0.756592766167	0.723969783693	0.702791290851	0.703611896418	0.711893623418	0.71040252016	0.746502174425	0.733433868687	0.750785347739	0.705599770137	0.668031535234	0.701684498036	0.757120827035	0.731118960422	0.632913500031	0.710596019922	0.689608418498	0.707106912294	0.673813642867	0.618081374035	0.631670122733	0.688839710172	0.687138067245	0.693394545579	0.666403934962	0.661203355399
PBW46	0.655883757349	0.765466661049	0.725304003108	0.743429153791	0.754678387461	0.73846415581	0.720277191057	0.745793947796	0.79196625206	0.761063327208	0.723705050843	0.636449274214	0.654990556504	0.0	0.670836250218	0.691087735459	0.676152066495	0.630797628327	0.549583402605	0.645501748923	0.596129154454	0.695823463835	0.662910918552	0.677868832913	0.637592960565	0.710977168108	0.733799295956	0.778226793283	0.684867389875	0.689171829713	0.75652334408	0.724940263656	0.722109040191	0.71415869092	0.708493052784	0.703564212561	0.730369420116	0.716817155291	0.733089447126	0.691450436243	0.76860776823	0.707162992618	0.716612356703	0.724908992164	0.72436625225	0.641332174012	0.716149675161	0.671094978114	0.644119904929	0.686170065466	0.69363510669	0.727216155547	0.635264447174	0.600311242178	0.637533421747	0.662367506321	0.665414313227	0.704061002442	0.622187147641	0.709253964819
PBW47	0.727612086962	0.759290968738	0.743591041522	0.72205250983	0.73785225204	0.714348052574	0.768945597508	0.714233278853	0.769352481104	0.733402886177	0.794437220642	0.726454168657	0.765560731516	0.670836250218	0.0	0.585840739934	0.733368948039	0.658392741845	0.690594543478	0.684140566366	0.661002212688	0.688609216416	0.740142295499	0.681432858993	0.748159035087	0.724767489523	0.769181059994	0.77114160005	0.739268385839	0.770994789296	0.741427011386	0.733567539128	0.720597370846	0.686743297552	0.718685653237	0.763705342707	0.750620892351	0.642512022398	0.728396716992	0.696592554621	0.751844208216	0.724121487579	0.710751786469	0.737242798942	0.750951202822	0.687408691377	0.698535555165	0.718115596113	0.723123108175	0.723243701726	0.696642536802	0.631310544587	0.701080047105	0.710239027807	0.747070057816	0.723299077823	0.726101636336	0.733588246335	0.691669900963	0.759364627465
PBW49	0.723440141801	0.708555256369	0.76473726354	0.763292394907	0.770030713008	0.748160274019	0.751872171769	0.745707664562	0.774200483504	0.767302077419	0.796928655431	0.715307913342	0.735193807188	0.691087735459	0.585840739934	0.0	0.746096027452	0.607802979919	0.684471578233	0.677883382104	0.663190870531	0.69985583989	0.746269304291	0.700333261169	0.780268030732	0.754441200541	0.775341169253	0.737073561535	0.765278349167	0.784009823215	0.787200246826	0.649970900478	0.735563790491	0.726151356654	0.742503925434	0.765110144266	0.747222291586	0.683297071035	0.766598696747	0.710105320703	0.765535278055	0.749731741853	0.736585773999	0.762244556973	0.764800018127	0.72558156223	0.709413510685	0.730286041626	0.718356334589	0.736687897696	0.710486883651	0.694816348402	0.622035128834	0.699559677064	0.777508116204	0.73630667966	0.725436008483	0.742497648515	0.705258704081	0.753410667061
PBW50	0.681052694415	0.741761035589	0.754302094197	0.710588896894	0.682231992136	0.70404960307	0.719701134675	0.66391859219	0.726273368294	0.749336378817	0.713291707252	0.709838279701	0.660393314896	0.676152066495	0.733368948039	0.746096027452	0.0	0.666657502909	0.680260570282	0.59364898107	0.654435236676	0.672760799702	0.688632404436	0.696434162678	0.681252315184	0.651535413209	0.704010122692	0.694148548616	0.657500289211	0.67036311047	0.668278174775	0.669306311271	0.611061581584	0.657933862183	0.711841781674	0.642525863899	0.69835476167	0.712647091077	0.700794544672	0.677782831128	0.709062213334	0.726591399612	0.731293024881	0.701068035608	0.686355101151	0.727887339592	0.720451335185	0.702299491892	0.650222503462	0.706639810497	0.599797166285	0.709356060769	0.639234601874	0.660976934206	0.701514848828	0.730637927834	0.650573790163	0.689302211661	0.690089401601	0.609947050696
PBW51	0.706384013316	0.750983000559	0.763561904646	0.774927257981	0.744697320865	0.719623890427	0.783969603689	0.738084048332	0.801839618025	0.777802443797	0.791827225451	0.698007944726	0.699044933823	0.630797628327	0.658392741845	0.607802979919	0.666657502909	0.0	0.638502443385	0.602465857392	0.614579954082	0.697657318517	0.663011107648	0.709102279402	0.718941663765	0.721113472625	0.750770561579	0.763474124515	0.701218743124	0.715814296542	0.745575555082	0.721005693436	0.712449715233	0.681612712788	0.730969151985	0.73720686786	0.7751341722	0.718256774447	0.748082588018	0.684852288145	0.770702680098	0.726780260079	0.744057761277	0.750208834833	0.739578011356	0.741951838749	0.707191595947	0.648253302976	0.660854564807	0.667194983061	0.68758772371	0.703506930034	0.636932846503	0.677171216564	0.70078337684	0.775629388788	0.719138347332	0.749598581281	0.717288086041	0.694058541191
PBW52	0.642251616522	0.73123204751	0.736538819691	0.749230261696	0.736243606184	0.702341601445	0.69799732893	0.731640635419	0.757935667749	0.737519453857	0.715842914861	0.630256317534	0.65220130749	0.549583402605	0.690594543478	0.684471578233	0.680260570282	0.638502443385	0.0	0.641269478026	0.582969201121	0.662561759298	0.708612419398	0.674453768683	0.663468772008	0.734488291286	0.759793644777	0.798384849095	0.721347072715	0.749352461562	0.775456785265	0.734890279701	0.731685950936	0.724538844266	0.747717082142	0.711867158231	0.757405208429	0.678933782408	0.713001380507	0.724281723331	0.776698293459	0.694007933766	0.738493491192	0.727623708356	0.76053342013	0.661555544928	0.687493026868	0.673066880507	0.663888973895	0.679334056821	0.712786079306	0.707475307011	0.670963945809	0.609758058307	0.600706531849	0.651480893815	0.692998190034	0.742679427456	0.644134200495	0.657402422606
PBW53	0.690019165988	0.759885699429	0.775907246948	0.725835178188	0.740760821403	0.750596173653	0.745862865371	0.727578928052	0.735004749256	0.77053048346	0.779246193167	0.72338536289	0.715083711465	0.645501748923	0.684140566366	0.677883382104	0.59364898107	0.602465857392	0.641269478026	0.0	0.624393002791	0.71039691836	0.672425635243	0.679202944234	0.746795343363	0.704214158814	0.785690919651	0.706555556852	0.689197021407	0.678449164118	0.717540979501	0.677715102189	0.689057757525	0.675392300024	0.740168198043	0.678769376053	0.73474593684	0.697607487642	0.712339188858	0.696540433401	0.795613162472	0.698639242654	0.755720109154	0.757950588276	0.726235763845	0.74007546338	0.695100356836	0.670308417551	0.641378361666	0.692309143814	0.63479949315	0.685347671073	0.656698460076	0.685769655083	0.728105243834	0.777401334336	0.693197222056	0.732770427566	0.703704932387	0.619074212027
PBW54	0.697130170735	0.733695585683	0.747242047121	0.761304157281	0.74296627336	0.696271462639	0.758108474534	0.714858961196	0.758601015587	0.720309644469	0.78336517696	0.692397942523	0.721709461208	0.596129154454	0.661002212688	0.663190870531	0.654435236676	0.614579954082	0.582969201121	0.624393002791	0.0	0.595558097397	0.682138599093	0.721482194674	0.728013552864	0.71853031099	0.748430769411	0.765397555875	0.728598196038	0.726961365269	0.733816254104	0.712559208542	0.705228641517	0.717303434875	0.737907643555	0.726831430928	0.735183268968	0.653394740284	0.700112562554	0.702821480903	0.729196457485	0.66533184413	0.724877762216	0.739731017225	0.740650326798	0.699036055265	0.689889827184	0.661919722045	0.672128639556	0.67684981731	0.681747769467	0.694975740877	0.648298698274	0.702753004658	0.709137697855	0.768861391909	0.721602844593	0.766513685645	0.715457755664	0.680698548041
PBW55	0.723152434301	0.75715679001	0.713291453582	0.703246347541	0.719822539165	0.708865978611	0.739010394034	0.727249303964	0.768963374845	0.752945460343	0.72670542215	0.723564155819	0.726809576911	0.695823463835	0.688609216416	0.69985583989	0.672760799702	0.697657318517	0.662561759298	0.71039691836	0.595558097397	0.0	0.690171855883	0.71195518079	0.712447775337	0.701990238909	0.690427248471	0.739432151505	0.730252540051	0.692274877369	0.723251444661	0.699225322634	0.683502089711	0.713605007338	0.701812118628	0.700049058162	0.712738043617	0.681173968298	0.69786706869	0.710591504345	0.698347343289	0.749083240966	0.701761304839	0.713900880808	0.754807774999	0.693077967469	0.677283244001	0.69400777494	0.72540376321	0.710541908455	0.738283191856	0.701858411366	0.693312215172	0.704319702914	0.729595870855	0.714660736376	0.644418636047	0.676688409297	0.674892624737	0.696629294001
PBW56	0.714498527246	0.778892726606	0.741194419526	0.734228078954	0.709850530139	0.733031277751	0.76615865331	0.721377325117	0.784124735975	0.760784555518	0.743098988366	0.703593826935	0.702703448569	0.662910918552	0.740142295499	0.746269304291	0.688632404436	0.663011107648	0.708612419398	0.672425635243	0.682138599093	0.690171855883	0.0	0.707088542404	0.708649590731	0.652931690774	0.682276513927	0.699945816768	0.701846913411	0.674143862626	0.712796105704	0.731366086212	0.713079935074	0.704201019852	0.714225909242	0.707536927801	0.698414316746	0.750084655934	0.722457962888	0.721630117785	0.752637512589	0.747753793871	0.738153721484	0.761446974663	0.702809747471	0.761638438441	0.681316005752	0.679758531546	0.678071331864	0.679382266099	0.716965790068	0.719848602569	0.638795551902	0.664287568976	0.712713945743	0.744261587714	0.705998971615	0.721190022198	0.699586986061	0.684181425582
PBW58	0.61834525858	0.729068359599	0.753665993429	0.692823990392	0.707485872436	0.675406493671	0.64681117381	0.685603066726	0.751385414251	0.726180768966	0.669965163139	0.551079504209	0.66070295089	0.677868832913	0.681432858993	0.700333261169	0.696434162678	0.709102279402	0.674453768683	0.679202944234	0.721482194674	0.71195518079	0.707088542404	0.0	0.672102266815	0.65272155931	0.750362775308	0.701953667717	0.645052801444	0.69487739456	0.678090445746	0.714472618976	0.698719060845	0.68799752394	0.727872589923	0.708900159559	0.717795645212	0.65823141289	0.678640896352	0.665385434065	0.77100981094	0.712192584467	0.739938975103	0.689348014135	0.719375317885	0.640729613945	0.708386442979	0.71616637569	0.637064552423	0.710358957631	0.724987406575	0.693946759012	0.710388196882	0.689657053804	0.691401039169	0.690632795331	0.669728508469	0.633730298877	0.674864489246	0.68864076753
PBW59	0.673657761284	0.756704119838	0.728952931534	0.72068349623	0.726904123371	0.704567308703	0.686317808866	0.716239190598	0.777108779674	0.746779472746	0.676978525373	0.651822776553	0.663832034136	0.637592960565	0.748159035087	0.780268030732	0.681252315184	0.718941663765	0.663468772008	0.746795343363	0.728013552864	0.712447775337	0.708649590731	0.672102266815	0.0	0.680524100232	0.724123353401	0.749391485812	0.702300926991	0.68988625487	0.728932415287	0.756226282996	0.720949463076	0.706769531095	0.722385815309	0.711372416821	0.711426556212	0.737959053615	0.746943827801	0.738584716829	0.725367703932	0.742477885068	0.736698527884	0.728394688917	0.673785660768	0.695806011404	0.712810283549	0.669225047795	0.679495568325	0.72613709966	0.731798639473	0.72596744685	0.688303398869	0.640777828242	0.630766511695	0.66704217105	0.634941948041	0.693089282614	0.678739595882	0.716846501394
PBW60	0.712276530242	0.747649727542	0.718963910066	0.716790886879	0.697149361926	0.684407692675	0.697288022987	0.68166004897	0.725969049094	0.720657357074	0.690641417903	0.718105406018	0.728261240086	0.710977168108	0.724767489523	0.754441200541	0.651535413209	0.721113472625	0.734488291286	0.704214158814	0.71853031099	0.701990238909	0.652931690774	0.65272155931	0.680524100232	0.0	0.706698370392	0.707435850778	0.691026738327	0.67080238321	0.653004360696	0.703403483829	0.711736196314	0.683342426212	0.681313291478	0.644697035426	0.696629245765	0.722599234551	0.704935287018	0.674366347701	0.711062525078	0.739801563766	0.712818856289	0.700731535887	0.721086493605	0.722624149183	0.707995275006	0.723836371428	0.704695364176	0.689736307704	0.708217145643	0.721515397092	0.700245853642	0.710647338428	0.695714883534	0.729285507467	0.641107412297	0.703238029981	0.677682387649	0.667204736209
PEP16	0.756563137275	0.79212421469	0.779276247686	0.778777636638	0.744586530512	0.772775663347	0.732139328499	0.773495442059	0.758206350213	0.78464242888	0.672595595978	0.769422772044	0.768934468572	0.733799295956	0.769181059994	0.775341169253	0.704010122692	0.750770561579	0.759793644777	0.785690919651	0.748430769411	0.690427248471	0.682276513927	0.750362775308	0.724123353401	0.706698370392	0.0	0.653850325191	0.690206841891	0.656560305596	0.680502050532	0.710156540697	0.663544759709	0.715498687865	0.656581820353	0.694076283036	0.738865412242	0.772901295086	0.723029181942	0.696775761769	0.699441292848	0.745248230585	0.753837043625	0.773254806574	0.761954038507	0.74534206334	0.738247763749	0.732381213707	0.701142166006	0.717799728466	0.733604541453	0.781478098639	0.725796879738	0.767710343702	0.754206951074	0.755003138901	0.679180126663	0.713535821375	0.735827912393	0.724639682808
PEP18	0.74199102571	0.759340385124	0.784433224061	0.765040621642	0.769959893676	0.797958955747	0.709517286181	0.76313454424	0.767972523541	0.757366535464	0.718735474896	0.750554597867	0.768316252824	0.778226793283	0.77114160005	0.737073561535	0.694148548616	0.763474124515	0.798384849095	0.706555556852	0.765397555875	0.739432151505	0.699945816768	0.701953667717	0.749391485812	0.707435850778	0.653850325191	0.0	0.658411480399	0.65315143319	0.687438573845	0.641109963033	0.650495327005	0.661645174564	0.681983355681	0.68729559041	0.719408410668	0.756779565166	0.735498228126	0.751847702672	0.738704506514	0.796026911335	0.739881060894	0.774907261836	0.730196944284	0.778364142148	0.720592282174	0.764189978439	0.746036535567	0.776108202196	0.704726052988	0.747129609941	0.726213494413	0.733784612911	0.755877410692	0.770260401857	0.67170838189	0.648845600464	0.721300397051	0.732331758385
PEP21	0.645541400812	0.793811829004	0.773816595046	0.758540643652	0.709554188002	0.732135240696	0.710713872173	0.708148435184	0.779728132356	0.775627990586	0.70163145893	0.728249788014	0.688126783685	0.684867389875	0.739268385839	0.765278349167	0.657500289211	0.701218743124	0.721347072715	0.689197021407	0.728598196038	0.730252540051	0.701846913411	0.645052801444	0.702300926991	0.691026738327	0.690206841891	0.658411480399	0.0	0.654183931198	0.640706959645	0.689990232272	0.635454237486	0.618415710228	0.698987544217	0.678151301621	0.729747987047	0.757580003327	0.704244429354	0.688569942125	0.749152010378	0.760128303168	0.744262534905	0.76950744994	0.718182342608	0.697763761932	0.77664453789	0.7593633731	0.656550889662	0.739261985848	0.672459642537	0.748068124864	0.739619541617	0.677916947978	0.697400531817	0.711493917785	0.638169607488	0.664028727286	0.677727236463	0.693638796138
PEP23	0.686641690405	0.792998946975	0.765476212264	0.778254227695	0.721592275181	0.735306364363	0.715999692503	0.71212232732	0.784971482374	0.74903390767	0.709647147188	0.756097244005	0.737512121308	0.689171829713	0.770994789296	0.784009823215	0.67036311047	0.715814296542	0.749352461562	0.678449164118	0.726961365269	0.692274877369	0.674143862626	0.69487739456	0.68988625487	0.67080238321	0.656560305596	0.65315143319	0.654183931198	0.0	0.670380257693	0.689454759293	0.634060490034	0.672368432025	0.645280660165	0.639229375726	0.706295301312	0.754077257095	0.661269814428	0.710458814967	0.703442509228	0.740258987275	0.724275098292	0.732704336711	0.749755315281	0.721218324421	0.720119066363	0.698699036728	0.695943601991	0.757989280045	0.692665791172	0.712060931309	0.73339246286	0.734067353131	0.707370983413	0.733405840893	0.663984582507	0.681393561122	0.730594547483	0.69515053004
PEP24	0.690772752279	0.788842516385	0.766220665547	0.740447875623	0.704647824086	0.715712825127	0.757948452576	0.723194256107	0.770166845498	0.764097539816	0.736123302247	0.754799616988	0.730333674146	0.75652334408	0.741427011386	0.787200246826	0.668278174775	0.745575555082	0.775456785265	0.717540979501	0.733816254104	0.723251444661	0.712796105704	0.678090445746	0.728932415287	0.653004360696	0.680502050532	0.687438573845	0.640706959645	0.670380257693	0.0	0.708568087094	0.638187537014	0.672400070785	0.688889910939	0.694469646087	0.721315100561	0.781885325639	0.715800122536	0.691712663831	0.698356175652	0.747831026326	0.744371396439	0.748991396157	0.70470946324	0.724351222057	0.760389058333	0.754817061304	0.737611278564	0.740774377686	0.714033349957	0.747033126127	0.715201740392	0.758804319447	0.710657991726	0.73557573837	0.699264995818	0.694613631784	0.727578014965	0.689269122717
PEP26	0.685729735528	0.669328483974	0.75837218519	0.716287902336	0.721484639862	0.744934002656	0.656929845841	0.715354037126	0.710862167849	0.73121356762	0.701271293852	0.713509920015	0.672607676597	0.724940263656	0.733567539128	0.649970900478	0.669306311271	0.721005693436	0.734890279701	0.677715102189	0.712559208542	0.699225322634	0.731366086212	0.714472618976	0.756226282996	0.703403483829	0.710156540697	0.641109963033	0.689990232272	0.689454759293	0.708568087094	0.0	0.637957369539	0.656017651647	0.682958088681	0.679744237676	0.702894013118	0.699395937197	0.709632091546	0.692452431044	0.723192217314	0.748834912064	0.724341163142	0.70299434595	0.743018974609	0.747388082416	0.72009871295	0.75450418808	0.720022541827	0.73195862024	0.731016516887	0.716093303992	0.655464249962	0.714922476815	0.753788742859	0.747732694949	0.708449236438	0.695385068569	0.672352034179	0.705388730068
PEP27	0.673017473027	0.759881538749	0.783422092191	0.743170202613	0.678248235945	0.738548930775	0.712119639914	0.705582707603	0.762490779398	0.758949460752	0.725623832652	0.751997986794	0.720377924723	0.722109040191	0.720597370846	0.735563790491	0.611061581584	0.712449715233	0.731685950936	0.689057757525	0.705228641517	0.683502089711	0.713079935074	0.698719060845	0.720949463076	0.711736196314	0.663544759709	0.650495327005	0.635454237486	0.634060490034	0.638187537014	0.637957369539	0.0	0.617753994909	0.694024459059	0.675969914026	0.700844327772	0.732740392219	0.677220891699	0.673516010593	0.710153368644	0.74913158627	0.717152150093	0.718588764222	0.712365792112	0.722311701519	0.716606470891	0.714738752065	0.689266247337	0.735309225594	0.669520931564	0.696395337266	0.694359193595	0.679987381853	0.717676195597	0.727747222229	0.682345714797	0.706599402223	0.703446095355	0.666827187609
PEP28	0.678321024889	0.759709278956	0.720306488075	0.72304329721	0.679301638175	0.722531339222	0.713451125554	0.702095230007	0.752214782578	0.738695531368	0.728365900223	0.751885949538	0.708206491458	0.71415869092	0.686743297552	0.726151356654	0.657933862183	0.681612712788	0.724538844266	0.675392300024	0.717303434875	0.713605007338	0.704201019852	0.68799752394	0.706769531095	0.683342426212	0.715498687865	0.661645174564	0.618415710228	0.672368432025	0.672400070785	0.656017651647	0.617753994909	0.0	0.650843556754	0.630469208737	0.709500874874	0.700081560048	0.697264209475	0.66691641899	0.743676989808	0.701556114598	0.727067119927	0.744963479065	0.702779910132	0.731455732126	0.712036653019	0.730648076859	0.678343383912	0.706789028357	0.681699943685	0.681958392432	0.723617201738	0.684340186779	0.69728921646	0.729948319459	0.670952480681	0.698668120236	0.705087241961	0.678996793445
PEP29	0.721527058553	0.778377581607	0.752373214902	0.738923153692	0.748485301551	0.742893490472	0.716057919447	0.759400192761	0.728104603318	0.739088319233	0.673216208282	0.749100055603	0.756592766167	0.708493052784	0.718685653237	0.742503925434	0.711841781674	0.730969151985	0.747717082142	0.740168198043	0.737907643555	0.701812118628	0.714225909242	0.727872589923	0.722385815309	0.681313291478	0.656581820353	0.681983355681	0.698987544217	0.645280660165	0.688889910939	0.682958088681	0.694024459059	0.650843556754	0.0	0.666182354719	0.718038817822	0.728108518099	0.700346833673	0.654425662413	0.721708732755	0.677073846644	0.70467826771	0.730420459121	0.749428341947	0.737541910453	0.716577133198	0.749005724238	0.704943641337	0.692295779481	0.729595787276	0.729158196438	0.73329427649	0.751398489842	0.702813273025	0.758080069722	0.696343720666	0.715072140149	0.705821007375	0.723872081428
PEP30	0.710264577332	0.744070568105	0.769865320939	0.714712555828	0.706107626596	0.75384883522	0.714327265196	0.728990466926	0.761473332271	0.755866056616	0.72678136126	0.737439932173	0.723969783693	0.703564212561	0.763705342707	0.765110144266	0.642525863899	0.73720686786	0.711867158231	0.678769376053	0.726831430928	0.700049058162	0.707536927801	0.708900159559	0.711372416821	0.644697035426	0.694076283036	0.68729559041	0.678151301621	0.639229375726	0.694469646087	0.679744237676	0.675969914026	0.630469208737	0.666182354719	0.0	0.719809852953	0.738236323948	0.700667687023	0.712783978231	0.747332846577	0.723750426233	0.725839016162	0.712481207793	0.729239659691	0.748339985454	0.714081376472	0.736569683917	0.724035243428	0.713784075457	0.704206821715	0.718426752868	0.725250188063	0.706967071207	0.726939205624	0.742318053357	0.658727529101	0.695067003051	0.717148233707	0.671788443637
PIS1	0.6562397074	0.693154560113	0.708822938929	0.659475120581	0.696740533807	0.708380796641	0.681124914154	0.653262301744	0.710345862339	0.637661518877	0.693081649502	0.724250051919	0.702791290851	0.730369420116	0.750620892351	0.747222291586	0.69835476167	0.7751341722	0.757405208429	0.73474593684	0.735183268968	0.712738043617	0.698414316746	0.717795645212	0.711426556212	0.696629245765	0.738865412242	0.719408410668	0.729747987047	0.706295301312	0.721315100561	0.702894013118	0.700844327772	0.709500874874	0.718038817822	0.719809852953	0.0	0.676116994809	0.680628860499	0.703762785957	0.715056703297	0.704351066203	0.613588959845	0.65527408989	0.645536565697	0.691674555277	0.696224845462	0.709606560347	0.731853564033	0.753755679181	0.775001215355	0.688873463219	0.655403864093	0.715127577919	0.71218020337	0.713075435543	0.710848435945	0.733154999696	0.68357417484	0.702381711706
PIS2	0.648983127084	0.66537725458	0.69445308633	0.656910291165	0.700288874016	0.66125457172	0.69464599418	0.671560363747	0.689027033346	0.610649470975	0.718645357774	0.711334020882	0.703611896418	0.716817155291	0.642512022398	0.683297071035	0.712647091077	0.718256774447	0.678933782408	0.697607487642	0.653394740284	0.681173968298	0.750084655934	0.65823141289	0.737959053615	0.722599234551	0.772901295086	0.756779565166	0.757580003327	0.754077257095	0.781885325639	0.699395937197	0.732740392219	0.700081560048	0.728108518099	0.738236323948	0.676116994809	0.0	0.697879001924	0.674317092262	0.748507627056	0.685798595754	0.695063303777	0.631546529497	0.695141880282	0.667649153843	0.695505638711	0.735972279936	0.72131272024	0.700676737028	0.677378428329	0.659766143892	0.724072270275	0.694728059879	0.724749523703	0.752028967844	0.738247254375	0.749928531844	0.692718074104	0.714802038704
PIS4	0.669584231334	0.720433565409	0.727035245391	0.712749224737	0.70565238463	0.667751720716	0.662566315752	0.651226720292	0.703093696182	0.712329867112	0.648323958584	0.725758160683	0.711893623418	0.733089447126	0.728396716992	0.766598696747	0.700794544672	0.748082588018	0.713001380507	0.712339188858	0.700112562554	0.69786706869	0.722457962888	0.678640896352	0.746943827801	0.704935287018	0.723029181942	0.735498228126	0.704244429354	0.661269814428	0.715800122536	0.709632091546	0.677220891699	0.697264209475	0.700346833673	0.700667687023	0.680628860499	0.697879001924	0.0	0.633403420067	0.756890567227	0.672645257796	0.674018611604	0.711024763193	0.720480634717	0.690008394641	0.727748963832	0.737172378273	0.686290125175	0.688081119454	0.711041701047	0.682073088231	0.725988099539	0.723424182049	0.742196887681	0.732702751517	0.705588051068	0.76630968942	0.705550117382	0.66472021225
PIS5	0.714266632879	0.721466693911	0.687533755789	0.702706102143	0.70284387223	0.672909969186	0.724098186772	0.698232457731	0.706426586519	0.729211559281	0.690442801515	0.720512193039	0.71040252016	0.691450436243	0.696592554621	0.710105320703	0.677782831128	0.684852288145	0.724281723331	0.696540433401	0.702821480903	0.710591504345	0.721630117785	0.665385434065	0.738584716829	0.674366347701	0.696775761769	0.751847702672	0.688569942125	0.710458814967	0.691712663831	0.692452431044	0.673516010593	0.66691641899	0.654425662413	0.712783978231	0.703762785957	0.674317092262	0.633403420067	0.0	0.730251243542	0.637538575106	0.657458931312	0.690447793654	0.693665487651	0.641223960704	0.648799160088	0.667732063967	0.602231641946	0.536693518557	0.646573758765	0.675811902458	0.673430348795	0.677333198805	0.683415238286	0.696539043941	0.702839844632	0.713291264342	0.657260570695	0.675737986719
PIS7	0.727316132106	0.73179657476	0.736854792053	0.735780090272	0.71663562338	0.720741839534	0.756419791384	0.731353631899	0.762171073225	0.753337489938	0.736442131887	0.767081429969	0.746502174425	0.76860776823	0.751844208216	0.765535278055	0.709062213334	0.770702680098	0.776698293459	0.795613162472	0.729196457485	0.698347343289	0.752637512589	0.77100981094	0.725367703932	0.711062525078	0.699441292848	0.738704506514	0.749152010378	0.703442509228	0.698356175652	0.723192217314	0.710153368644	0.743676989808	0.721708732755	0.747332846577	0.715056703297	0.748507627056	0.756890567227	0.730251243542	0.0	0.809128968401	0.705675977805	0.741067509649	0.736750765514	0.667935221572	0.728986756231	0.715112180809	0.780277342581	0.786087694283	0.797282812984	0.756966755001	0.72293002799	0.75282613478	0.734014939492	0.721153942261	0.740710587848	0.747645907431	0.695668326122	0.749743202785
PIS9	0.721783081362	0.714699525264	0.744349163927	0.712889877945	0.723244069356	0.724585871942	0.726307975613	0.716803614998	0.710948593616	0.707579888063	0.716585212092	0.717060084032	0.733433868687	0.707162992618	0.724121487579	0.749731741853	0.726591399612	0.726780260079	0.694007933766	0.698639242654	0.66533184413	0.749083240966	0.747753793871	0.712192584467	0.742477885068	0.739801563766	0.745248230585	0.796026911335	0.760128303168	0.740258987275	0.747831026326	0.748834912064	0.74913158627	0.701556114598	0.677073846644	0.723750426233	0.704351066203	0.685798595754	0.672645257796	0.637538575106	0.809128968401	0.0	0.673484734216	0.728652425314	0.688347484549	0.698609567133	0.739313273548	0.727637904742	0.641721098415	0.639285399694	0.6662257196	0.702012558298	0.686821960582	0.729615309202	0.706341220721	0.758519833549	0.748838824695	0.806586304936	0.769106829904	0.713204193311
PIS10	0.678971547015	0.724598066139	0.695364639366	0.685620105108	0.682888286592	0.695318855098	0.689031594711	0.677826994566	0.744037079276	0.678222347091	0.687092166242	0.742170304891	0.750785347739	0.716612356703	0.710751786469	0.736585773999	0.731293024881	0.744057761277	0.738493491192	0.755720109154	0.724877762216	0.701761304839	0.738153721484	0.739938975103	0.736698527884	0.712818856289	0.753837043625	0.739881060894	0.744262534905	0.724275098292	0.744371396439	0.724341163142	0.717152150093	0.727067119927	0.70467826771	0.725839016162	0.613588959845	0.695063303777	0.674018611604	0.657458931312	0.705675977805	0.673484734216	0.0	0.645611018591	0.634178649314	0.619918135449	0.685985805212	0.697033656475	0.752164172114	0.723047682804	0.75814812125	0.690815609379	0.705229965405	0.707124871077	0.690585398368	0.67155722152	0.709520490787	0.751386357554	0.670275242347	0.707948504924
PIS11	0.64037922533	0.692233054738	0.710535641153	0.63395042832	0.682503405038	0.656330424103	0.695645553939	0.662661423135	0.713090375506	0.673049808383	0.687867792214	0.702431395205	0.705599770137	0.724908992164	0.737242798942	0.762244556973	0.701068035608	0.750208834833	0.727623708356	0.757950588276	0.739731017225	0.713900880808	0.761446974663	0.689348014135	0.728394688917	0.700731535887	0.773254806574	0.774907261836	0.76950744994	0.732704336711	0.748991396157	0.70299434595	0.718588764222	0.744963479065	0.730420459121	0.712481207793	0.65527408989	0.631546529497	0.711024763193	0.690447793654	0.741067509649	0.728652425314	0.645611018591	0.0	0.656658254271	0.631411194304	0.691486880183	0.712845119966	0.738423655941	0.72035683329	0.770988443567	0.729139775855	0.719240573717	0.733947078556	0.700273043664	0.674586256658	0.728789674423	0.748382239079	0.676576299508	0.721978474587
