	PAM31	PAM32	PAM33	PAM35	PAM36	PAM37	PAM39	PAM40	PAM41	PAM42	PAM43	PAM44	PAM45	PBW46	PBW47	PBW49	PBW50	PBW51	PBW52	PBW53	PBW54	PBW55	PBW56	PBW58	PBW59	PBW60	PEP16	PEP18	PEP21	PEP23	PEP24	PEP26	PEP27	PEP28	PEP29	PEP30	PIS1	PIS2	PIS4	PIS5	PIS7	PIS9	PIS10	PIS11	PIS14	PIS15	PLL76	PLL77	PLL79	PLL80	PLL83	PLL88	PLL89	PLL90	PPO64	PPO66	PPO67	PPO69	PPO72	PPO75
PAM31	0.0	0.663981818091	0.6306896546	0.679591225635	0.66798443678	0.635655535021	0.669049989746	0.677532168134	0.653058681182	0.706436560395	0.652442641635	0.696280773035	0.658711588027	0.727690448903	0.687562737865	0.7763254571	0.762236349788	0.772143209922	0.740038865386	0.743595348631	0.716378862436	0.742781642123	0.717311607597	0.708253491594	0.743013446279	0.708851781215	0.759619455678	0.698493693691	0.722997472236	0.745076286304	0.736379774903	0.703831933875	0.724130363941	0.700687537441	0.688315373433	0.711009905503	0.676805274429	0.671364481481	0.681472094135	0.70228930856	0.735980203725	0.710654022963	0.712934737022	0.686139493088	0.679401102505	0.681728199476	0.706742232372	0.714881346732	0.729089078385	0.754349304139	0.721983202003	0.723054167587	0.763497505063	0.73253516005	0.707370074112	0.756781803091	0.700615342594	0.746512819791	0.726044752847	0.691349118634
PAM32	0.663981818091	0.0	0.691481559745	0.674719440277	0.708425242384	0.65793973283	0.650812626462	0.681961352304	0.595106066133	0.727780628145	0.719291813682	0.696757000544	0.632489401604	0.717555109866	0.739733214262	0.733185931136	0.72706644869	0.766387525267	0.715837017058	0.744468663788	0.636585883222	0.765558862346	0.75752988187	0.693451651428	0.753121087012	0.740515750579	0.78465387442	0.731083010646	0.75522834146	0.745262511811	0.764968900416	0.644377446314	0.751375839982	0.764089480254	0.768581487109	0.749167477392	0.675125132038	0.716453296119	0.699896511397	0.721556050931	0.714523333691	0.682243017382	0.713208938017	0.700705924903	0.681656997144	0.716375183811	0.740472280997	0.727455911353	0.730521940828	0.770154505004	0.753147637112	0.691531277025	0.691680277611	0.725919419944	0.677770458871	0.741307286602	0.734055265203	0.738732840292	0.694904407233	0.69979996837
PAM33	0.6306896546	0.691481559745	0.0	0.664133326749	0.655353250499	0.621707334742	0.658369235068	0.68373778111	0.684066200783	0.684668757019	0.632185823533	0.746638488183	0.628212308449	0.699577487083	0.756597232821	0.756911819528	0.741188102874	0.741947239249	0.724726288409	0.754222055711	0.727799045298	0.785231687731	0.707303181627	0.731510848504	0.758410324771	0.676885555651	0.74325929339	0.748001091817	0.734990794936	0.738561149278	0.748256677074	0.758515840348	0.739767358561	0.763503410043	0.742694789136	0.736136280454	0.707910095757	0.702406108084	0.689803440265	0.68169419478	0.717382148251	0.726284894058	0.713667139289	0.691800600555	0.67152248718	0.681802227318	0.704133723153	0.676363905418	0.686741493034	0.738165471393	0.707584612501	0.703132258522	0.729709410471	0.744704957477	0.637073117508	0.763683146126	0.758922000103	0.719978804058	0.698778780723	0.718302713725
PAM35	0.679591225635	0.674719440277	0.664133326749	0.0	0.607263821378	0.627103485596	0.652952977603	0.653152983475	0.608836532151	0.690462427818	0.671006478921	0.702634734699	0.66690574558	0.712138260806	0.714344443547	0.801906625853	0.761140068635	0.791819494694	0.749666538794	0.735412372567	0.675359707915	0.736287574656	0.723749830893	0.718654512185	0.742767900955	0.706612108668	0.76475962632	0.759732364136	0.772041418954	0.744422959052	0.716508712859	0.717785387543	0.760757269222	0.736782862382	0.762049188803	0.737903943917	0.64659863108	0.720417514229	0.71150283654	0.698718389474	0.701201202769	0.651837948363	0.665836971497	0.678829501107	0.688457166054	0.666195078813	0.710951595221	0.73431655746	0.747850098203	0.779641773328	0.765905470686	0.685252582884	0.735111730898	0.736453262904	0.676960875914	0.760360145673	0.725365630327	0.735568654359	0.676687716016	0.722964890624
PAM36	0.66798443678	0.708425242384	0.655353250499	0.607263821378	0.0	0.692802611702	0.666390836273	0.628891543151	0.645996315794	0.646212887567	0.618402285268	0.723575988696	0.676103611735	0.717459334242	0.756657371426	0.761945203315	0.749429949117	0.751319998134	0.720260723874	0.741170355414	0.741467175382	0.749265398093	0.703650083571	0.728159103827	0.740511210314	0.722038285215	0.727790932315	0.762498735678	0.757432411169	0.75426293028	0.734842528975	0.742786397579	0.742329517503	0.732695692984	0.749401798607	0.726101684695	0.683761033135	0.709577037594	0.677382427992	0.718153655918	0.74963189219	0.72961764325	0.719102581241	0.677432597107	0.651775292347	0.686179940312	0.7371249497	0.685711946861	0.705410014912	0.764782259267	0.741816201011	0.723838349587	0.729560864967	0.734497915662	0.662684831412	0.762639007601	0.746461434951	0.734310371795	0.699851999685	0.727928051484
PAM37	0.635655535021	0.65793973283	0.621707334742	0.627103485596	0.692802611702	0.0	0.667719446666	0.69069174254	0.620712598659	0.703910037107	0.664171550716	0.711753397453	0.671939941961	0.725912164294	0.710134246359	0.771879873051	0.701517285448	0.781694946217	0.731410236825	0.717140337283	0.719561670925	0.719796065115	0.736632061575	0.711716691894	0.731125711919	0.68730779892	0.749276750102	0.708525455388	0.750037154557	0.715871590617	0.709773084684	0.722975583112	0.730826898307	0.730827939198	0.722393786895	0.729851553354	0.694932959652	0.677519648918	0.714751636728	0.698641990765	0.665905549909	0.706989446491	0.680071031899	0.681732962826	0.654178602908	0.674137070309	0.727347725553	0.699910807118	0.729952157772	0.734613433795	0.71883782577	0.714861428034	0.723268545731	0.733879282638	0.691663999545	0.716220889871	0.689288473761	0.724199222802	0.690342090744	0.735062918828
PAM39	0.669049989746	0.650812626462	0.658369235068	0.652952977603	0.666390836273	0.667719446666	0.0	0.648177538385	0.654921298422	0.693484336783	0.630037968575	0.653484708227	0.561709755053	0.691910961973	0.768976460261	0.682261715812	0.721703685116	0.697849344732	0.649793643075	0.733787574107	0.70666675044	0.7684295558	0.734051113485	0.638072846314	0.687421428084	0.72468062717	0.744804455613	0.73717535025	0.696488057993	0.732252261479	0.713965000164	0.701690759644	0.701627297554	0.735028698016	0.773616894395	0.741316056687	0.693372540425	0.753212081212	0.693643989804	0.770255310596	0.734042890164	0.705156516181	0.716759064771	0.671326064467	0.68592808712	0.671056985287	0.718516589754	0.722504474948	0.676483251345	0.77549785392	0.753993143394	0.716583796795	0.684073503814	0.679643547112	0.671865758862	0.704365884161	0.705602873725	0.649676689073	0.698320583724	0.653623465553
PAM40	0.677532168134	0.681961352304	0.68373778111	0.653152983475	0.628891543151	0.69069174254	0.648177538385	0.0	0.658285159604	0.645344998221	0.611339621718	0.738786298644	0.674388918078	0.728414926761	0.744056971521	0.761808257898	0.735900643399	0.763000575653	0.761453734535	0.744579625748	0.715754143848	0.764503864026	0.750655277546	0.754642975793	0.752919872814	0.769113176812	0.758780188215	0.782153367783	0.756559641662	0.748873968279	0.742512171795	0.737215681998	0.696201731103	0.738621445854	0.750687436082	0.745152405407	0.672379213556	0.694903949975	0.692267135983	0.723596122201	0.723798256403	0.706488112483	0.717706319921	0.712358658176	0.644465858494	0.671844829422	0.74210196871	0.681755701601	0.72541319485	0.75290721766	0.714130897667	0.696646872142	0.734572033636	0.713275385609	0.659917491255	0.775348527449	0.742072949785	0.744006013438	0.722220569354	0.724443949169
PAM41	0.653058681182	0.595106066133	0.684066200783	0.608836532151	0.645996315794	0.620712598659	0.654921298422	0.658285159604	0.0	0.687907707299	0.647150007113	0.727963213974	0.68457862952	0.759607424927	0.720922860737	0.786893050726	0.764461665843	0.773800727747	0.702544012295	0.753394887086	0.671526937451	0.745051618172	0.768219943945	0.73253027093	0.754943068182	0.740845992604	0.785793612932	0.763275097361	0.795451089111	0.767093994125	0.7635063402	0.689850452637	0.760607111352	0.764613094253	0.773693824978	0.78062611313	0.699076663554	0.695911973669	0.676820296319	0.709862802365	0.7188431023	0.726930671506	0.70634047624	0.70357757022	0.701722825147	0.718692645991	0.736517439384	0.747249065813	0.742121496604	0.80195790735	0.800547618685	0.704873725488	0.760583699807	0.730003114202	0.657881920884	0.740857199756	0.728233104299	0.748918636178	0.669335043121	0.705359112115
PAM42	0.706436560395	0.727780628145	0.684668757019	0.690462427818	0.646212887567	0.703910037107	0.693484336783	0.645344998221	0.687907707299	0.0	0.653871049539	0.687719911246	0.720011249005	0.751611750085	0.770778896384	0.776833266651	0.780679096055	0.796257155375	0.758064416263	0.741171338147	0.756433690117	0.762720883495	0.737206032161	0.701546509662	0.747270556996	0.732168898886	0.762930206511	0.750438926324	0.75529453707	0.704615618287	0.749816339677	0.750106958899	0.699132207026	0.738889286866	0.747167536657	0.755383474746	0.734974625592	0.704429987404	0.625999690857	0.734095521368	0.747732944075	0.709456878063	0.723775233145	0.738505797219	0.694739800575	0.6995852932	0.762725234835	0.718599602271	0.719719398846	0.709814484298	0.72331710373	0.71329713409	0.718599584764	0.742368184856	0.730224636559	0.773674552446	0.749900489455	0.744471017323	0.740641729625	0.756051324408
PAM43	0.652442641635	0.719291813682	0.632185823533	0.671006478921	0.618402285268	0.664171550716	0.630037968575	0.611339621718	0.647150007113	0.653871049539	0.0	0.728924510489	0.615270466733	0.73085461544	0.721961615169	0.751996187568	0.726811993531	0.766228814437	0.726590475388	0.746254452531	0.749357982984	0.753909834848	0.70488052977	0.739901891502	0.700128816752	0.705226881671	0.730064688301	0.728514498914	0.713216035195	0.743143713898	0.704070252529	0.696956808955	0.701821161908	0.724604640607	0.736033649488	0.709148691168	0.690760443435	0.699086762359	0.668758032318	0.697062853445	0.711514400652	0.718208507937	0.710956745165	0.697375717968	0.637682761371	0.651443883897	0.731275512662	0.644495172229	0.666339693534	0.756421634685	0.715367622656	0.685144254687	0.732482422763	0.69714073054	0.688670353612	0.741911870583	0.718496494263	0.697299963157	0.659007150764	0.691264898878
PAM44	0.696280773035	0.696757000544	0.746638488183	0.702634734699	0.723575988696	0.711753397453	0.653484708227	0.738786298644	0.727963213974	0.687719911246	0.728924510489	0.0	0.662795356362	0.70069343462	0.738101092686	0.698415103023	0.72458403692	0.722944680283	0.706179138643	0.693503532285	0.720178033878	0.738875680586	0.730732023898	0.512293368702	0.665829945594	0.673398699023	0.760403218919	0.705735206895	0.689207245467	0.711558580635	0.671045584132	0.684961796992	0.729997413538	0.70242347937	0.692830849443	0.713866097638	0.70314762932	0.680583114077	0.714303144249	0.749836261344	0.710431915304	0.662194740238	0.736642593711	0.673607402984	0.725601697551	0.716539477332	0.753819921095	0.763253358471	0.701338455495	0.760237100689	0.729823463591	0.711180267623	0.694341999008	0.695567851551	0.720074864037	0.703399703223	0.674017091648	0.666747722497	0.728385368815	0.683466681712
PAM45	0.658711588027	0.632489401604	0.628212308449	0.66690574558	0.676103611735	0.671939941961	0.561709755053	0.674388918078	0.68457862952	0.720011249005	0.615270466733	0.662795356362	0.0	0.634032502263	0.746033100145	0.632023180403	0.719381601898	0.649539586323	0.669880568178	0.698389571914	0.710116601229	0.763319517217	0.698081264824	0.665703605438	0.68571737044	0.739173640197	0.742143463868	0.741444372196	0.639217485571	0.722551062358	0.702201423268	0.672355088915	0.703427988363	0.709808032982	0.734122041298	0.698692596844	0.643590069305	0.753538168298	0.694213782005	0.722143538287	0.71916927054	0.691443780079	0.69072648801	0.668863973524	0.667908285685	0.69241261544	0.729707655079	0.677864320766	0.671976895577	0.748649039742	0.674752886895	0.72226217885	0.690606494077	0.664925030163	0.701904708639	0.708052198701	0.676891792787	0.659157711816	0.690433081882	0.653747867581
PBW46	0.727690448903	0.717555109866	0.699577487083	0.712138260806	0.717459334242	0.725912164294	0.691910961973	0.728414926761	0.759607424927	0.751611750085	0.73085461544	0.70069343462	0.634032502263	0.0	0.670268360064	0.633516580034	0.677075854559	0.603060701444	0.623911841196	0.649835876096	0.694210618688	0.725409722992	0.708052646754	0.678139787764	0.65292811459	0.669502710761	0.745956762574	0.775187381023	0.63886199489	0.750480326292	0.715969776923	0.762968914074	0.737481971227	0.712885648448	0.702930604214	0.728300890285	0.700290844162	0.722092795663	0.726063015214	0.694534199675	0.706930788706	0.728253750539	0.685608212021	0.665816969059	0.697474854162	0.71236705152	0.702574444452	0.667757269839	0.649341114671	0.687742762488	0.689451386148	0.766115014998	0.686016558969	0.598892903487	0.671082020234	0.693428089232	0.699835180156	0.699248658039	0.678867960245	0.694148156325
PBW47	0.687562737865	0.739733214262	0.756597232821	0.714344443547	0.756657371426	0.710134246359	0.768976460261	0.744056971521	0.720922860737	0.770778896384	0.721961615169	0.738101092686	0.746033100145	0.670268360064	0.0	0.641551390718	0.737205985895	0.66667743598	0.689353791635	0.668788939943	0.639330048249	0.691645581211	0.739544362583	0.714360201359	0.746815181147	0.676975976371	0.782322579607	0.749703078634	0.714540403884	0.742972134536	0.724383590454	0.724496271487	0.730191130747	0.697640283128	0.697990089148	0.725869038814	0.715306982914	0.658812844027	0.704713717245	0.675603088936	0.701730005268	0.697315519913	0.716085466378	0.731479601077	0.710271923715	0.650118801427	0.666680588372	0.65650337988	0.716873526817	0.738555863379	0.656279642071	0.714684590727	0.714942031951	0.700835495635	0.719482475116	0.777316224358	0.679631427022	0.756239520514	0.672343228489	0.713015565874
PBW49	0.7763254571	0.733185931136	0.756911819528	0.801906625853	0.761945203315	0.771879873051	0.682261715812	0.761808257898	0.786893050726	0.776833266651	0.751996187568	0.698415103023	0.632023180403	0.633516580034	0.641551390718	0.0	0.73336672173	0.531748834546	0.61036039921	0.661695935806	0.698048753341	0.741797331749	0.723096503057	0.675783041437	0.721567061342	0.739071932431	0.781105349688	0.766362968571	0.674916722072	0.773703922549	0.763282578827	0.715469699778	0.741097531731	0.737158976228	0.764911648986	0.752620291508	0.757764678235	0.732655426375	0.722998129435	0.731835169397	0.751459489987	0.747444930644	0.744299212373	0.727921779799	0.732936733271	0.68218396537	0.71360687254	0.648280959377	0.599674410023	0.718777602707	0.690371278902	0.767690098055	0.685343991617	0.658950804921	0.761371619671	0.709706110255	0.675918391502	0.651458553103	0.694843569449	0.680926055983
PBW50	0.762236349788	0.72706644869	0.741188102874	0.761140068635	0.749429949117	0.701517285448	0.721703685116	0.735900643399	0.764461665843	0.780679096055	0.726811993531	0.72458403692	0.719381601898	0.677075854559	0.737205985895	0.73336672173	0.0	0.659022406246	0.649332612243	0.613188205557	0.666989452177	0.692252099004	0.718048960486	0.731515490038	0.680084764761	0.671783286229	0.74091751821	0.710153339713	0.703757377033	0.680533175701	0.694579338853	0.711608404658	0.696719950163	0.713083626501	0.682821270236	0.701907093425	0.700034250101	0.706829532107	0.712778629392	0.712292842346	0.634014068537	0.768134245225	0.709512403331	0.730419269773	0.716933939377	0.701181532044	0.683040554713	0.673145080926	0.665306151268	0.715370364548	0.645519564933	0.704897733299	0.611927607242	0.638679622152	0.68959354589	0.663386269862	0.670166876582	0.654999908763	0.692705089784	0.69788064851
PBW51	0.772143209922	0.766387525267	0.741947239249	0.791819494694	0.751319998134	0.781694946217	0.697849344732	0.763000575653	0.773800727747	0.796257155375	0.766228814437	0.722944680283	0.649539586323	0.603060701444	0.66667743598	0.531748834546	0.659022406246	0.0	0.617145245385	0.662293815125	0.698453189847	0.734619347284	0.694975715825	0.697714903217	0.677830156309	0.717147668535	0.724563189902	0.77060683096	0.651619473055	0.735260336532	0.740304104306	0.736106268395	0.728505830494	0.733533541428	0.753608665065	0.71699307165	0.750008072183	0.745653616813	0.749634728929	0.738043752764	0.753853377765	0.7618539574	0.735889226081	0.722916540537	0.725092280257	0.719581140774	0.696309884548	0.672053926396	0.578401066793	0.683405098738	0.677274061338	0.773942226042	0.686796386834	0.61705649712	0.716127405597	0.728389266044	0.672363731765	0.6743801047	0.702056976407	0.694663101846
PBW52	0.740038865386	0.715837017058	0.724726288409	0.749666538794	0.720260723874	0.731410236825	0.649793643075	0.761453734535	0.702544012295	0.758064416263	0.726590475388	0.706179138643	0.669880568178	0.623911841196	0.689353791635	0.61036039921	0.649332612243	0.617145245385	0.0	0.614535791154	0.618624343243	0.691020918349	0.714103491174	0.668078949403	0.682968951524	0.692235609437	0.758940610916	0.765334851548	0.71430538669	0.734430963466	0.762108508921	0.728192072647	0.725909782451	0.743379896553	0.747240525974	0.739220226695	0.747394383963	0.690154193692	0.695867751583	0.712302480007	0.721884243993	0.759347315524	0.73151724569	0.694039108996	0.748802444366	0.723522590603	0.69613405044	0.679997230373	0.568812495399	0.709481956957	0.704603812265	0.70018607125	0.657218956945	0.567547500897	0.676136385502	0.689497461155	0.655419724239	0.675214326996	0.649625329187	0.656607726109
PBW53	0.743595348631	0.744468663788	0.754222055711	0.735412372567	0.741170355414	0.717140337283	0.733787574107	0.744579625748	0.753394887086	0.741171338147	0.746254452531	0.693503532285	0.698389571914	0.649835876096	0.668788939943	0.661695935806	0.613188205557	0.662293815125	0.614535791154	0.0	0.603312884474	0.62887303871	0.71462298118	0.696100814543	0.725657816505	0.649269480852	0.744375963819	0.710672519298	0.731009039925	0.697212354246	0.690768071821	0.709917457016	0.69076351817	0.697433189634	0.689707609346	0.659897793381	0.736721052626	0.687827481922	0.730947842199	0.747535346275	0.677306824782	0.752374279843	0.735592733367	0.734254089844	0.745897638091	0.703675608157	0.687801176229	0.699551989244	0.679960824399	0.683750107362	0.620882027685	0.735559332116	0.624249421655	0.663299889517	0.72310905407	0.742959110225	0.641485947994	0.662531522172	0.65281221001	0.709699799676
PBW54	0.716378862436	0.636585883222	0.727799045298	0.675359707915	0.741467175382	0.719561670925	0.70666675044	0.715754143848	0.671526937451	0.756433690117	0.749357982984	0.720178033878	0.710116601229	0.694210618688	0.639330048249	0.698048753341	0.666989452177	0.698453189847	0.618624343243	0.603312884474	0.0	0.643910302959	0.713397076537	0.709717277792	0.752393277234	0.699177551287	0.781196514597	0.75905219017	0.730563772207	0.719464473951	0.74601956728	0.697111031249	0.725756925565	0.741892843782	0.717733567532	0.716476762533	0.697075876222	0.686366739257	0.715915034503	0.694705618419	0.679904178151	0.714742080717	0.712618655196	0.730698815137	0.752958462834	0.697644678639	0.670545698613	0.712120806393	0.691863067916	0.728524804043	0.730301462245	0.672416526922	0.644968012777	0.682619363435	0.705226233156	0.752761506148	0.690703855783	0.721568413902	0.668118380116	0.672961399588
PBW55	0.742781642123	0.765558862346	0.785231687731	0.736287574656	0.749265398093	0.719796065115	0.7684295558	0.764503864026	0.745051618172	0.762720883495	0.753909834848	0.738875680586	0.763319517217	0.725409722992	0.691645581211	0.741797331749	0.692252099004	0.734619347284	0.691020918349	0.62887303871	0.643910302959	0.0	0.705915589314	0.721226509641	0.719698083347	0.72144390656	0.698633814639	0.697744329016	0.759198959894	0.731193291812	0.710044213468	0.690477150084	0.713527851243	0.686047647063	0.690607407826	0.687423557826	0.695885424962	0.671558208836	0.705690766406	0.731897071993	0.660047546896	0.759368884208	0.746392396988	0.758965060688	0.752470628998	0.717061480365	0.700866652891	0.755093117025	0.754359923339	0.74316588606	0.744825924385	0.74451896147	0.678612234945	0.697142776439	0.766318117039	0.723852657042	0.653517152464	0.703962268748	0.70328225228	0.745668679625
PBW56	0.717311607597	0.75752988187	0.707303181627	0.723749830893	0.703650083571	0.736632061575	0.734051113485	0.750655277546	0.768219943945	0.737206032161	0.70488052977	0.730732023898	0.698081264824	0.708052646754	0.739544362583	0.723096503057	0.718048960486	0.694975715825	0.714103491174	0.71462298118	0.713397076537	0.705915589314	0.0	0.718039736489	0.749866810172	0.682836553488	0.617005087441	0.714686672288	0.712687202288	0.715445164931	0.70541640989	0.736935283571	0.726938142266	0.738938180185	0.707217486495	0.688154006823	0.692091808229	0.742343635095	0.697797821527	0.730726437682	0.729519989774	0.757516612773	0.716022641185	0.742561607858	0.673292729204	0.675630677228	0.718728353321	0.698081769038	0.677866552317	0.741031909906	0.729323239578	0.729657390125	0.69893417334	0.700597275327	0.723188596181	0.738418517337	0.72702871039	0.709804240209	0.681076000837	0.742499686902
PBW58	0.708253491594	0.693451651428	0.731510848504	0.718654512185	0.728159103827	0.711716691894	0.638072846314	0.754642975793	0.73253027093	0.701546509662	0.739901891502	0.512293368702	0.665703605438	0.678139787764	0.714360201359	0.675783041437	0.731515490038	0.697714903217	0.668078949403	0.696100814543	0.709717277792	0.721226509641	0.718039736489	0.0	0.67864324285	0.663130028666	0.740084136001	0.685656396761	0.690183168136	0.732169852079	0.714528346284	0.703065815151	0.733114539503	0.700079412135	0.690409710068	0.704067374725	0.70336755373	0.649069910826	0.699715591955	0.738436316668	0.694073837189	0.665848669033	0.71970497036	0.667293279181	0.729838818718	0.700246689658	0.731970789826	0.726171007759	0.70069011502	0.751618796688	0.719101661937	0.732782098322	0.672832418348	0.681073616115	0.712862830626	0.651053674912	0.662940268231	0.647694109162	0.718888644758	0.669508403009
PBW59	0.743013446279	0.753121087012	0.758410324771	0.742767900955	0.740511210314	0.731125711919	0.687421428084	0.752919872814	0.754943068182	0.747270556996	0.700128816752	0.665829945594	0.68571737044	0.65292811459	0.746815181147	0.721567061342	0.680084764761	0.677830156309	0.682968951524	0.725657816505	0.752393277234	0.719698083347	0.749866810172	0.67864324285	0.0	0.672854126036	0.724753332049	0.74904315753	0.665015464281	0.729226671706	0.683624378196	0.702358947182	0.741993158845	0.6994985838	0.692811693933	0.712897558101	0.694507186541	0.74867835048	0.719433108774	0.755936145567	0.719241427263	0.752074338193	0.710536433225	0.704824564809	0.711718044575	0.7287947795	0.725468606799	0.70696247243	0.694304823122	0.721438407269	0.707980772623	0.710708480816	0.695803479555	0.653867725001	0.729301340964	0.69791222471	0.649855182983	0.69334306625	0.689468562718	0.647346087615
PBW60	0.708851781215	0.740515750579	0.676885555651	0.706612108668	0.722038285215	0.68730779892	0.72468062717	0.769113176812	0.740845992604	0.732168898886	0.705226881671	0.673398699023	0.739173640197	0.669502710761	0.676975976371	0.739071932431	0.671783286229	0.717147668535	0.692235609437	0.649269480852	0.699177551287	0.72144390656	0.682836553488	0.663130028666	0.672854126036	0.0	0.718970442146	0.68495241353	0.70071062803	0.716038508081	0.666071386928	0.710613591404	0.748456918219	0.688097265994	0.701374233662	0.638216091225	0.706564699821	0.677947153143	0.690926043041	0.693675665871	0.66262367735	0.734353817955	0.737379524481	0.73664398576	0.726323205913	0.687044321743	0.72416839493	0.664687171318	0.687689328663	0.689095677088	0.633305829338	0.717508158534	0.662211743281	0.693872448005	0.641003242058	0.733672523496	0.654708221614	0.677249705762	0.61591819251	0.703922957873
PEP16	0.759619455678	0.78465387442	0.74325929339	0.76475962632	0.727790932315	0.749276750102	0.744804455613	0.758780188215	0.785793612932	0.762930206511	0.730064688301	0.760403218919	0.742143463868	0.745956762574	0.782322579607	0.781105349688	0.74091751821	0.724563189902	0.758940610916	0.744375963819	0.781196514597	0.698633814639	0.617005087441	0.740084136001	0.724753332049	0.718970442146	0.0	0.694229257163	0.72154302348	0.712908708063	0.680692975149	0.72270542776	0.643015949934	0.692518411261	0.693310608172	0.68177565666	0.729003290269	0.767473186556	0.716427463063	0.765489473749	0.741894502091	0.788184674054	0.782359228166	0.768723993353	0.728990223047	0.717053466997	0.776361788415	0.750706184653	0.726556896567	0.741590388839	0.729154738663	0.752049581207	0.718158599415	0.752527580688	0.732063622336	0.732665660316	0.717146917091	0.713423372193	0.736867858107	0.76072823123
PEP18	0.698493693691	0.731083010646	0.748001091817	0.759732364136	0.762498735678	0.708525455388	0.73717535025	0.782153367783	0.763275097361	0.750438926324	0.728514498914	0.705735206895	0.741444372196	0.775187381023	0.749703078634	0.766362968571	0.710153339713	0.77060683096	0.765334851548	0.710672519298	0.75905219017	0.697744329016	0.714686672288	0.685656396761	0.74904315753	0.68495241353	0.694229257163	0.0	0.691256238071	0.655744347701	0.703376816425	0.677387704314	0.668526819919	0.672425128514	0.663077007319	0.65925315174	0.737002105462	0.722437744184	0.748170704864	0.742768538444	0.738373674214	0.7793628262	0.771598514653	0.762722991771	0.761071468349	0.720114999318	0.758391891276	0.764237293338	0.741228215615	0.781473542575	0.695333403629	0.720466632044	0.72633226922	0.734897820046	0.742259231061	0.757372862255	0.659927895071	0.666731384593	0.746505287531	0.721214341554
PEP21	0.722997472236	0.75522834146	0.734990794936	0.772041418954	0.757432411169	0.750037154557	0.696488057993	0.756559641662	0.795451089111	0.75529453707	0.713216035195	0.689207245467	0.639217485571	0.63886199489	0.714540403884	0.674916722072	0.703757377033	0.651619473055	0.71430538669	0.731009039925	0.730563772207	0.759198959894	0.712687202288	0.690183168136	0.665015464281	0.70071062803	0.72154302348	0.691256238071	0.0	0.653795830044	0.652622419906	0.708804334289	0.684714954537	0.669177647112	0.685314900251	0.642974180303	0.73729617219	0.746428457358	0.724954473623	0.724842202018	0.718980402812	0.794308425612	0.749316232575	0.729487386617	0.735080150705	0.709304641933	0.754523823836	0.739073020425	0.689196124452	0.739938961192	0.686039314113	0.762497885589	0.726609489526	0.681391205485	0.721859617084	0.705138084537	0.672245327804	0.669422310065	0.745923294816	0.681254393121
PEP23	0.745076286304	0.745262511811	0.738561149278	0.744422959052	0.75426293028	0.715871590617	0.732252261479	0.748873968279	0.767093994125	0.704615618287	0.743143713898	0.711558580635	0.722551062358	0.750480326292	0.742972134536	0.773703922549	0.680533175701	0.735260336532	0.734430963466	0.697212354246	0.719464473951	0.731193291812	0.715445164931	0.732169852079	0.729226671706	0.716038508081	0.712908708063	0.655744347701	0.653795830044	0.0	0.653812715858	0.687872624906	0.677507322281	0.692727142569	0.618828082669	0.62051307496	0.739048543914	0.749716761082	0.682014496137	0.747371542237	0.720908504891	0.77188129157	0.755407956367	0.757995155658	0.749143267186	0.721270218724	0.758715456719	0.713486162099	0.70399006254	0.723384550999	0.692246095473	0.714163691082	0.716619038485	0.740828493659	0.733369937926	0.734552291413	0.701965397507	0.691363258179	0.728650002185	0.73560347968
PEP24	0.736379774903	0.764968900416	0.748256677074	0.716508712859	0.734842528975	0.709773084684	0.713965000164	0.742512171795	0.7635063402	0.749816339677	0.704070252529	0.671045584132	0.702201423268	0.715969776923	0.724383590454	0.763282578827	0.694579338853	0.740304104306	0.762108508921	0.690768071821	0.74601956728	0.710044213468	0.70541640989	0.714528346284	0.683624378196	0.666071386928	0.680692975149	0.703376816425	0.652622419906	0.653812715858	0.0	0.691471492026	0.656978744752	0.702778974471	0.675062361325	0.679498107728	0.669495331972	0.724440460925	0.715829876341	0.736749166986	0.669691650909	0.74521517249	0.725517028629	0.72275587565	0.705670564406	0.668800130978	0.758334855488	0.733112129293	0.759081166543	0.747062065643	0.684043498801	0.746456331293	0.70774945025	0.723358364315	0.7190232382	0.725531962013	0.707970314229	0.684598216649	0.726105562697	0.718581331673
PEP26	0.703831933875	0.644377446314	0.758515840348	0.717785387543	0.742786397579	0.722975583112	0.701690759644	0.737215681998	0.689850452637	0.750106958899	0.696956808955	0.684961796992	0.672355088915	0.762968914074	0.724496271487	0.715469699778	0.711608404658	0.736106268395	0.728192072647	0.709917457016	0.697111031249	0.690477150084	0.736935283571	0.703065815151	0.702358947182	0.710613591404	0.72270542776	0.677387704314	0.708804334289	0.687872624906	0.691471492026	0.0	0.645856843221	0.681945704981	0.688522944356	0.691914378548	0.704236284472	0.717092037264	0.700780623119	0.726545358637	0.613039393472	0.720329307701	0.745312494397	0.733120687069	0.740600255985	0.737531590147	0.719880629891	0.751572442138	0.721174383716	0.710637457306	0.729101607764	0.717915710713	0.652152244916	0.700993301186	0.745439084954	0.715865809756	0.703308111317	0.701878907764	0.686204940767	0.700772636276
PEP27	0.724130363941	0.751375839982	0.739767358561	0.760757269222	0.742329517503	0.730826898307	0.701627297554	0.696201731103	0.760607111352	0.699132207026	0.701821161908	0.729997413538	0.703427988363	0.737481971227	0.730191130747	0.741097531731	0.696719950163	0.728505830494	0.725909782451	0.69076351817	0.725756925565	0.713527851243	0.726938142266	0.733114539503	0.741993158845	0.748456918219	0.643015949934	0.668526819919	0.684714954537	0.677507322281	0.656978744752	0.645856843221	0.0	0.692667927462	0.67168420623	0.664212749796	0.755437805554	0.709691424304	0.682971074301	0.74336418486	0.649850245768	0.76331258882	0.771312270642	0.733307106467	0.72056115845	0.68722472055	0.750329879129	0.717311148551	0.710141487665	0.719756869932	0.671952708027	0.74814080998	0.68716300142	0.693419487269	0.717176318857	0.717722704777	0.701294402113	0.66095937477	0.737159466605	0.721516346028
PEP28	0.700687537441	0.764089480254	0.763503410043	0.736782862382	0.732695692984	0.730827939198	0.735028698016	0.738621445854	0.764613094253	0.738889286866	0.724604640607	0.70242347937	0.709808032982	0.712885648448	0.697640283128	0.737158976228	0.713083626501	0.733533541428	0.743379896553	0.697433189634	0.741892843782	0.686047647063	0.738938180185	0.700079412135	0.6994985838	0.688097265994	0.692518411261	0.672425128514	0.669177647112	0.692727142569	0.702778974471	0.681945704981	0.692667927462	0.0	0.669469959373	0.640279958652	0.683554554701	0.712249824967	0.696703988454	0.730535093106	0.685824338186	0.77041831644	0.713098794197	0.723352385144	0.735619119025	0.693706485052	0.739796793035	0.709963306711	0.714327703444	0.732468741321	0.688675955213	0.704796943118	0.728494602222	0.713743462661	0.73294332501	0.705617306202	0.638455861036	0.692473790378	0.726514326512	0.682609836626
PEP29	0.688315373433	0.768581487109	0.742694789136	0.762049188803	0.749401798607	0.722393786895	0.773616894395	0.750687436082	0.773693824978	0.747167536657	0.736033649488	0.692830849443	0.734122041298	0.702930604214	0.697990089148	0.764911648986	0.682821270236	0.753608665065	0.747240525974	0.689707609346	0.717733567532	0.690607407826	0.707217486495	0.690409710068	0.692811693933	0.701374233662	0.693310608172	0.663077007319	0.685314900251	0.618828082669	0.675062361325	0.688522944356	0.67168420623	0.669469959373	0.0	0.626860057706	0.725284604624	0.638085985051	0.684426345361	0.69387128146	0.64493982569	0.72907947457	0.711339527306	0.727760924395	0.750390857475	0.696344814576	0.711996656544	0.702805403886	0.741063431273	0.694280655806	0.688914745191	0.714431860456	0.687341122229	0.704590325045	0.732290912285	0.703182051235	0.696398843204	0.700908649917	0.752214102588	0.704517696758
PEP30	0.711009905503	0.749167477392	0.736136280454	0.737903943917	0.726101684695	0.729851553354	0.741316056687	0.745152405407	0.78062611313	0.755383474746	0.709148691168	0.713866097638	0.698692596844	0.728300890285	0.725869038814	0.752620291508	0.701907093425	0.71699307165	0.739220226695	0.659897793381	0.716476762533	0.687423557826	0.688154006823	0.704067374725	0.712897558101	0.638216091225	0.68177565666	0.65925315174	0.642974180303	0.62051307496	0.679498107728	0.691914378548	0.664212749796	0.640279958652	0.626860057706	0.0	0.749575803619	0.698696422232	0.710591545798	0.751211115246	0.682521152127	0.759787511421	0.733141024936	0.739476297397	0.703177131704	0.684184261569	0.720702366141	0.697558643604	0.72298198441	0.729296094634	0.66017800144	0.729834512229	0.688078840979	0.73217904665	0.717086362322	0.712814912776	0.669220419248	0.662369931987	0.716271971533	0.719314647419
PIS1	0.676805274429	0.675125132038	0.707910095757	0.64659863108	0.683761033135	0.694932959652	0.693372540425	0.672379213556	0.699076663554	0.734974625592	0.690760443435	0.70314762932	0.643590069305	0.700290844162	0.715306982914	0.757764678235	0.700034250101	0.750008072183	0.747394383963	0.736721052626	0.697075876222	0.695885424962	0.692091808229	0.70336755373	0.694507186541	0.706564699821	0.729003290269	0.737002105462	0.73729617219	0.739048543914	0.669495331972	0.704236284472	0.755437805554	0.683554554701	0.725284604624	0.749575803619	0.0	0.734840877523	0.708299289305	0.685850780146	0.693696133862	0.666671351151	0.62101405952	0.662084508612	0.613777247684	0.639968569052	0.704071511728	0.674210619259	0.736527303311	0.761165451085	0.710629749837	0.679007818924	0.721747415666	0.698259829834	0.683126127147	0.709465972304	0.685520818246	0.725108475397	0.657020285683	0.678684132435
PIS2	0.671364481481	0.716453296119	0.702406108084	0.720417514229	0.709577037594	0.677519648918	0.753212081212	0.694903949975	0.695911973669	0.704429987404	0.699086762359	0.680583114077	0.753538168298	0.722092795663	0.658812844027	0.732655426375	0.706829532107	0.745653616813	0.690154193692	0.687827481922	0.686366739257	0.671558208836	0.742343635095	0.649069910826	0.74867835048	0.677947153143	0.767473186556	0.722437744184	0.746428457358	0.749716761082	0.724440460925	0.717092037264	0.709691424304	0.712249824967	0.638085985051	0.698696422232	0.734840877523	0.0	0.651591336861	0.689699769908	0.649122946209	0.675680057158	0.717256311071	0.687321344544	0.725328594615	0.677748974165	0.685574987068	0.728688799622	0.703532728564	0.726313332472	0.681642832753	0.697578858788	0.681472571916	0.711653062491	0.678046739948	0.714808807857	0.714095354631	0.726767795683	0.734530723997	0.70038331068
PIS4	0.681472094135	0.699896511397	0.689803440265	0.71150283654	0.677382427992	0.714751636728	0.693643989804	0.692267135983	0.676820296319	0.625999690857	0.668758032318	0.714303144249	0.694213782005	0.726063015214	0.704713717245	0.722998129435	0.712778629392	0.749634728929	0.695867751583	0.730947842199	0.715915034503	0.705690766406	0.697797821527	0.699715591955	0.719433108774	0.690926043041	0.716427463063	0.748170704864	0.724954473623	0.682014496137	0.715829876341	0.700780623119	0.682971074301	0.696703988454	0.684426345361	0.710591545798	0.708299289305	0.651591336861	0.0	0.708563138388	0.692230211452	0.725488131164	0.712955502039	0.708320801391	0.673399123554	0.661878720616	0.733085677495	0.70268019267	0.700392933445	0.705463168103	0.731248198566	0.703619893951	0.690718529117	0.723642715545	0.67531185892	0.722026189616	0.709294752407	0.711176733299	0.687722453195	0.713876210759
PIS5	0.70228930856	0.721556050931	0.68169419478	0.698718389474	0.718153655918	0.698641990765	0.770255310596	0.723596122201	0.709862802365	0.734095521368	0.697062853445	0.749836261344	0.722143538287	0.694534199675	0.675603088936	0.731835169397	0.712292842346	0.738043752764	0.712302480007	0.747535346275	0.694705618419	0.731897071993	0.730726437682	0.738436316668	0.755936145567	0.693675665871	0.765489473749	0.742768538444	0.724842202018	0.747371542237	0.736749166986	0.726545358637	0.74336418486	0.730535093106	0.69387128146	0.751211115246	0.685850780146	0.689699769908	0.708563138388	0.0	0.663986348213	0.699642976733	0.645275881172	0.683420937552	0.685596246629	0.633323313888	0.627243999376	0.678237003187	0.665614657678	0.705494642009	0.706314595783	0.681781867204	0.713870625528	0.680113735237	0.69320151146	0.70059542895	0.715619597475	0.68645705798	0.64108269797	0.669867760722
PIS7	0.735980203725	0.714523333691	0.717382148251	0.701201202769	0.74963189219	0.665905549909	0.734042890164	0.723798256403	0.7188431023	0.747732944075	0.711514400652	0.710431915304	0.71916927054	0.706930788706	0.701730005268	0.751459489987	0.634014068537	0.753853377765	0.721884243993	0.677306824782	0.679904178151	0.660047546896	0.729519989774	0.694073837189	0.719241427263	0.66262367735	0.741894502091	0.738373674214	0.718980402812	0.720908504891	0.669691650909	0.613039393472	0.649850245768	0.685824338186	0.64493982569	0.682521152127	0.693696133862	0.649122946209	0.692230211452	0.663986348213	0.0	0.687175435938	0.694354944507	0.72065595654	0.718101685864	0.694747827773	0.642313793586	0.695834074314	0.731393268291	0.726047024196	0.71142400214	0.714431423163	0.643796586692	0.654876966474	0.709333096392	0.656521499261	0.699134542034	0.682624259079	0.676550129899	0.688016263772
PIS9	0.710654022963	0.682243017382	0.726284894058	0.651837948363	0.72961764325	0.706989446491	0.705156516181	0.706488112483	0.726930671506	0.709456878063	0.718208507937	0.662194740238	0.691443780079	0.728253750539	0.697315519913	0.747444930644	0.768134245225	0.7618539574	0.759347315524	0.752374279843	0.714742080717	0.759368884208	0.757516612773	0.665848669033	0.752074338193	0.734353817955	0.788184674054	0.7793628262	0.794308425612	0.77188129157	0.74521517249	0.720329307701	0.76331258882	0.77041831644	0.72907947457	0.759787511421	0.666671351151	0.675680057158	0.725488131164	0.699642976733	0.687175435938	0.0	0.633688841852	0.693580624178	0.658178267231	0.673742932499	0.682264013997	0.69681771313	0.736397124861	0.747051447725	0.705779275658	0.688232484238	0.696500885434	0.744924539329	0.722498612374	0.761737613448	0.749290541314	0.778296503588	0.733103270091	0.72364265045
PIS10	0.712934737022	0.713208938017	0.713667139289	0.665836971497	0.719102581241	0.680071031899	0.716759064771	0.717706319921	0.70634047624	0.723775233145	0.710956745165	0.736642593711	0.69072648801	0.685608212021	0.716085466378	0.744299212373	0.709512403331	0.735889226081	0.73151724569	0.735592733367	0.712618655196	0.746392396988	0.716022641185	0.71970497036	0.710536433225	0.737379524481	0.782359228166	0.771598514653	0.749316232575	0.755407956367	0.725517028629	0.745312494397	0.771312270642	0.713098794197	0.711339527306	0.733141024936	0.62101405952	0.717256311071	0.712955502039	0.645275881172	0.694354944507	0.633688841852	0.0	0.642222996236	0.621197337754	0.644000228674	0.641119081226	0.655263111545	0.724228697158	0.72244413253	0.739750747136	0.715018172707	0.719053841127	0.688842719853	0.709516832216	0.689076650222	0.737153590663	0.74657390475	0.680459989206	0.716400441222
PIS11	0.686139493088	0.700705924903	0.691800600555	0.678829501107	0.677432597107	0.681732962826	0.671326064467	0.712358658176	0.70357757022	0.738505797219	0.697375717968	0.673607402984	0.668863973524	0.665816969059	0.731479601077	0.727921779799	0.730419269773	0.722916540537	0.694039108996	0.734254089844	0.730698815137	0.758965060688	0.742561607858	0.667293279181	0.704824564809	0.73664398576	0.768723993353	0.762722991771	0.729487386617	0.757995155658	0.72275587565	0.733120687069	0.733307106467	0.723352385144	0.727760924395	0.739476297397	0.662084508612	0.687321344544	0.708320801391	0.683420937552	0.72065595654	0.693580624178	0.642222996236	0.0	0.662972968076	0.643628615154	0.6975916092	0.682403923054	0.679051583977	0.765871636537	0.740468095188	0.676435398679	0.71797633792	0.687944173112	0.689494257669	0.682236584563	0.697614786837	0.721998325213	0.720062527512	0.676519470432
