	PAM31	PAM32	PAM33	PAM35	PAM36	PAM37	PAM39	PAM40	PAM41	PAM42	PAM43	PAM44	PAM45	PBW46	PBW47	PBW49	PBW50	PBW51	PBW52	PBW53	PBW54	PBW55	PBW56	PBW58	PBW59	PBW60	PEP16	PEP18	PEP21	PEP23	PEP24	PEP26	PEP27	PEP28	PEP29	PEP30	PIS1	PIS2	PIS4	PIS5	PIS7	PIS9	PIS10	PIS11	PIS14	PIS15	PLL76	PLL77	PLL79	PLL80	PLL83	PLL88	PLL89	PLL90	PPO64	PPO66	PPO67	PPO69	PPO72	PPO75
PAM31	0.0	0.60340700859	0.697150275788	0.704261934257	0.674874643281	0.637306061763	0.65616112073	0.638845000263	0.625539732256	0.692952326482	0.680420081626	0.647031047151	0.607707924581	0.678815030064	0.742572495422	0.729050239842	0.672648362411	0.715473652427	0.692222028357	0.726202347475	0.74436633613	0.729025566219	0.770925410503	0.681759798873	0.659131103498	0.667682807077	0.747494577342	0.742942385695	0.773141343486	0.736235400905	0.703168825701	0.695213549619	0.710682441128	0.735813797575	0.767310310788	0.717868671122	0.67429443604	0.680062028153	0.702669916511	0.71350733655	0.708096511476	0.72751250681	0.669058157953	0.667730147898	0.680784204287	0.670983617812	0.71553914358	0.729180426673	0.732451184191	0.769189551374	0.761515373697	0.715544682048	0.684257300403	0.70004393924	0.700972243062	0.621932884001	0.664949816251	0.695149736895	0.657957778061	0.719531442115
PAM32	0.60340700859	0.0	0.735085222082	0.742908160446	0.704449881351	0.710162139441	0.665894666028	0.696470359598	0.590984034568	0.711199221663	0.689623215243	0.679553410663	0.613311055581	0.697264816846	0.777523969535	0.738926040929	0.700596172488	0.725081693129	0.721723839844	0.770442879422	0.746985900268	0.773866157722	0.800176006062	0.695285446914	0.747941004269	0.725177630306	0.79623917389	0.766055713538	0.790340389635	0.765204000898	0.763502668847	0.700478129351	0.76811265043	0.772050626532	0.75697132887	0.746674591737	0.735822365805	0.718247477275	0.702957882272	0.73059714096	0.744405991059	0.696238687886	0.701549101789	0.697142639103	0.733399388516	0.705759400805	0.756153299923	0.733090224319	0.747078238675	0.745152164423	0.750397905651	0.715918989354	0.676616405428	0.683835380871	0.714776366976	0.665410946156	0.713295245318	0.759218573245	0.699960389233	0.760627417597
PAM33	0.697150275788	0.735085222082	0.0	0.655751578387	0.659248830339	0.57722142648	0.602174729535	0.601296140565	0.627894542903	0.640413413167	0.592924705825	0.763636257226	0.625617609071	0.762272970064	0.763055451223	0.790774939901	0.739726525188	0.767469899485	0.765424595113	0.772895972771	0.763104547772	0.769294254371	0.769868701604	0.738318405504	0.717155068492	0.73641895809	0.752720762979	0.773804551176	0.713841610239	0.732498401693	0.709134006437	0.760210256426	0.737524433116	0.700523710243	0.767462310795	0.734806455213	0.727571602047	0.733178658072	0.711616041741	0.673696224055	0.743154538316	0.733142727202	0.720245955742	0.68854720847	0.696051408265	0.681028859312	0.747173035685	0.768876521942	0.771462900713	0.736297569587	0.737071615445	0.740013312945	0.765599344858	0.76007842335	0.710586548822	0.728497296309	0.75988753352	0.771138069876	0.743735420728	0.74258077389
PAM35	0.704261934257	0.742908160446	0.655751578387	0.0	0.585553725831	0.628775689452	0.597358579908	0.568725777534	0.618523388694	0.602832007236	0.639694805007	0.712263525329	0.64789394305	0.763450365192	0.704873355082	0.744731784705	0.729087223243	0.746383778482	0.723153169703	0.725734288298	0.703140369866	0.722409071577	0.72834704751	0.666679105218	0.721638547435	0.679274179333	0.728265784035	0.757521885895	0.750237248048	0.704348840832	0.725351962439	0.729670980316	0.7286356643	0.714565449856	0.766432534211	0.70154193298	0.688377749297	0.625072985461	0.687344111073	0.654489803639	0.70884178457	0.681148539121	0.679963684223	0.648820180983	0.679113933616	0.656653127379	0.665802088432	0.723853737351	0.735165562729	0.733057484899	0.730888116419	0.7046116049	0.723233581165	0.743524491405	0.719353387688	0.740069341025	0.745917902187	0.744005246755	0.687831382487	0.70666268001
PAM36	0.674874643281	0.704449881351	0.659248830339	0.585553725831	0.0	0.621931787031	0.610851121562	0.60714644994	0.603448778879	0.635743581476	0.620642870374	0.72018391012	0.642004247414	0.746758084245	0.742982360698	0.728414698063	0.748620764499	0.746892997929	0.740691094895	0.746450609822	0.730556448235	0.727036218537	0.705857205671	0.678903714831	0.738933683901	0.722355491122	0.693043294296	0.748662418824	0.732322340745	0.673870310711	0.69293758803	0.746676541405	0.707717076587	0.693646934475	0.738889728297	0.693255883427	0.714837918829	0.695140930498	0.702288573865	0.69691741313	0.732776462535	0.684168387341	0.66943143949	0.693711108092	0.674346844409	0.671684365303	0.693283617625	0.723742245312	0.72795294702	0.737233149189	0.726150821464	0.708306551876	0.725926783689	0.725430689551	0.719316978538	0.70054172148	0.746676700405	0.747004824078	0.670637499015	0.744406975665
PAM37	0.637306061763	0.710162139441	0.57722142648	0.628775689452	0.621931787031	0.0	0.559487697173	0.580606693347	0.568969497121	0.561939965449	0.613188870794	0.738132020862	0.619017451935	0.762809624124	0.724214552915	0.731661787086	0.720731893494	0.731626933667	0.718975654051	0.74802922098	0.699138709805	0.744440325806	0.737120315817	0.69817970927	0.711267888224	0.689149804051	0.726020560231	0.783595231573	0.74305013318	0.701512334226	0.714952657011	0.73628540881	0.714093436965	0.70998958666	0.768815091799	0.714720815742	0.685250764875	0.698482006864	0.69974209146	0.663342992954	0.719156075532	0.670101385231	0.628041696909	0.68615314276	0.65113455182	0.666505744571	0.68553156247	0.679821241932	0.728496566654	0.738807986261	0.731160850277	0.717048768145	0.725830631745	0.753805673566	0.68966372573	0.718425286686	0.734401761057	0.756634308393	0.700381418856	0.719837617592
PAM39	0.65616112073	0.665894666028	0.602174729535	0.597358579908	0.610851121562	0.559487697173	0.0	0.562191363372	0.563884997747	0.579635517449	0.553561173981	0.728605144164	0.609155875862	0.772503110213	0.747408536205	0.753486099074	0.714734062036	0.764249129658	0.71749624015	0.781857679539	0.74048822352	0.765333884776	0.751258068969	0.670677303693	0.721438858264	0.714419143873	0.740249512312	0.750402840722	0.735788293433	0.707518346797	0.721029151027	0.712595290824	0.723160412078	0.706982883857	0.773864756099	0.679648669434	0.695433937868	0.705579459813	0.705038222279	0.669429102287	0.728047002924	0.706462258376	0.676648016974	0.673127908986	0.669385770499	0.683003115237	0.712512327859	0.742786915528	0.756574369011	0.751886767619	0.725492016665	0.701600837902	0.734503554524	0.741003093032	0.705940156426	0.734336668634	0.722510645992	0.756517710623	0.694221673339	0.713057799952
PAM40	0.638845000263	0.696470359598	0.601296140565	0.568725777534	0.60714644994	0.580606693347	0.562191363372	0.0	0.590521009898	0.570859349656	0.550974830855	0.71890433734	0.578763173998	0.75267009486	0.723794213282	0.735875474225	0.697362339687	0.747604099216	0.727179800666	0.7453831447	0.727747893526	0.716322416873	0.769593456638	0.690146105786	0.710898400337	0.678620697843	0.745405457974	0.776424777972	0.724877590639	0.683417954239	0.698485062742	0.688834373186	0.713870809557	0.674060025723	0.752272356609	0.705943016571	0.669767414315	0.655266051109	0.661514409089	0.642721797353	0.709555363408	0.712097471069	0.655466112395	0.654679029003	0.666453720775	0.662978017128	0.705555585116	0.721128043061	0.731587647394	0.686915050331	0.717444488598	0.694381978242	0.725311751754	0.726023120831	0.709752335222	0.701175889665	0.755412081971	0.753315699926	0.68077443462	0.723992695148
PAM41	0.625539732256	0.590984034568	0.627894542903	0.618523388694	0.603448778879	0.568969497121	0.563884997747	0.590521009898	0.0	0.594358137674	0.613534609042	0.715569424691	0.600095885887	0.75646877208	0.748905983349	0.7449307971	0.701446969981	0.737955125685	0.712907635247	0.747590342104	0.727662789961	0.748019074624	0.730073766774	0.668487108231	0.726773724196	0.727710197496	0.739590192629	0.748904379362	0.751907531221	0.714909313987	0.708210967883	0.707212451462	0.724374342421	0.712492140531	0.784461401187	0.703796036587	0.706827074647	0.725126985047	0.694087909679	0.672024588845	0.728339078211	0.671902251504	0.656131348742	0.694424012421	0.681800921946	0.671488924667	0.701616379887	0.733098925476	0.745346280084	0.732925278794	0.737887762694	0.694820679803	0.686715764888	0.710506198864	0.690465120699	0.690593968221	0.741489087457	0.727867372772	0.677497637807	0.726179866469
PAM42	0.692952326482	0.711199221663	0.640413413167	0.602832007236	0.635743581476	0.561939965449	0.579635517449	0.570859349656	0.594358137674	0.0	0.648662596009	0.701296138177	0.615524027151	0.761266440775	0.737465810721	0.713476469963	0.732464682252	0.741133063525	0.722695151948	0.771113167552	0.751306034981	0.785567794989	0.761606245535	0.65487699419	0.716961574764	0.715859233659	0.767498677106	0.788547704333	0.730671041825	0.709093235099	0.713201632225	0.721413575778	0.736161709966	0.726819451611	0.75474814608	0.712929254161	0.706992684961	0.653062794143	0.697073850879	0.686223740421	0.740071013905	0.665302572878	0.668273087054	0.656454424103	0.695550781369	0.639598073515	0.71277533313	0.711735755547	0.752766741126	0.729040131506	0.743333033825	0.700313930512	0.748391719888	0.752596769737	0.726063715492	0.731291975708	0.753349689298	0.775474421575	0.69816617533	0.72382800603
PAM43	0.680420081626	0.689623215243	0.592924705825	0.639694805007	0.620642870374	0.613188870794	0.553561173981	0.550974830855	0.613534609042	0.648662596009	0.0	0.729198422551	0.593624874737	0.774263848746	0.749944834852	0.784217299857	0.690076904509	0.757299577936	0.743488615484	0.755676121131	0.751129985557	0.748906447462	0.745081583988	0.681819339226	0.709890718433	0.710122348536	0.722575709004	0.722554101283	0.702458677083	0.705869925499	0.686794210079	0.69309857384	0.692419139228	0.655821240552	0.779399502551	0.673265336538	0.701126130661	0.698581292332	0.688619336945	0.658845238424	0.71265538164	0.758629660449	0.689244873133	0.682798747244	0.69374231389	0.685041800332	0.690193082894	0.728105110324	0.728209904447	0.720702249897	0.707440695368	0.735931174585	0.72167611814	0.731812003878	0.714847703655	0.725777284212	0.680724694053	0.689492922551	0.660958374706	0.708070169962
PAM44	0.647031047151	0.679553410663	0.763636257226	0.712263525329	0.72018391012	0.738132020862	0.728605144164	0.71890433734	0.715569424691	0.701296138177	0.729198422551	0.0	0.692273520805	0.673548203639	0.708644685196	0.708816548747	0.722899451319	0.687064233584	0.699306895374	0.724982543489	0.718920004202	0.726795375168	0.702439338949	0.58740857489	0.69377222717	0.639862191041	0.767133389855	0.711153303537	0.736311936637	0.746945500805	0.748510606165	0.68878211838	0.712756484207	0.728823614401	0.674850098206	0.696751181452	0.73833424265	0.658514081484	0.709792125987	0.754778513399	0.699161052119	0.642839614622	0.715447510594	0.679455252853	0.723799218819	0.707825488024	0.721730417083	0.77320938517	0.669513563579	0.696046401865	0.745721025073	0.736478109405	0.70768063522	0.724760464141	0.692490904849	0.70570450246	0.676284532228	0.724334837289	0.703927297033	0.69414143651
PAM45	0.607707924581	0.613311055581	0.625617609071	0.64789394305	0.642004247414	0.619017451935	0.609155875862	0.578763173998	0.600095885887	0.615524027151	0.593624874737	0.692273520805	0.0	0.684278914142	0.740199259013	0.751101261271	0.638298593325	0.673112658503	0.729015936571	0.748360021739	0.761422590318	0.749619440898	0.754825500725	0.700473057889	0.671110379551	0.686714930957	0.738496230086	0.770220232734	0.722468912746	0.689195596702	0.68053545012	0.669093132358	0.691200992755	0.697563050087	0.752672449593	0.703570858573	0.680884608699	0.713399044516	0.692450648206	0.644472558793	0.658521039772	0.723057407417	0.650247818475	0.667302848011	0.698591390712	0.676981975025	0.714675409131	0.706097965381	0.743582864866	0.717986435074	0.708835501946	0.702932959758	0.728956898714	0.655752164859	0.705824101797	0.618215988702	0.668143306181	0.733247050475	0.694959414689	0.726307890315
PBW46	0.678815030064	0.697264816846	0.762272970064	0.763450365192	0.746758084245	0.762809624124	0.772503110213	0.75267009486	0.75646877208	0.761266440775	0.774263848746	0.673548203639	0.684278914142	0.0	0.671947400587	0.692332293873	0.649516423917	0.649828550661	0.678408876192	0.658426569591	0.67895019176	0.671379104859	0.739427605384	0.745964432876	0.622935500409	0.644097922165	0.757412622885	0.746337936392	0.678213976221	0.754485633035	0.720032812802	0.6758802787	0.718970322234	0.74281839788	0.713280985924	0.727926286393	0.746760339375	0.752380709845	0.750459336395	0.732028939242	0.685474552098	0.716660880398	0.694543226959	0.720508861251	0.770066743453	0.729490919634	0.733364663302	0.724174241281	0.698626776615	0.692001624424	0.726330348556	0.751799677213	0.654473370859	0.671406455028	0.703098435554	0.686038381546	0.688765505643	0.745726778831	0.692892420847	0.696737178564
PBW47	0.742572495422	0.777523969535	0.763055451223	0.704873355082	0.742982360698	0.724214552915	0.747408536205	0.723794213282	0.748905983349	0.737465810721	0.749944834852	0.708644685196	0.740199259013	0.671947400587	0.0	0.609242917981	0.755540782006	0.650946185256	0.706158010909	0.642472838925	0.595459877292	0.716624876333	0.767722980356	0.713439222572	0.738479227126	0.728407025076	0.757411372395	0.750495101682	0.746948102576	0.740066453765	0.731927786858	0.714185217576	0.753841764779	0.706473896264	0.718033077622	0.706727237695	0.740308664455	0.69373271484	0.722599579622	0.677624852652	0.74790552639	0.713348168128	0.655414883176	0.743370594514	0.747653247856	0.683780074828	0.712453782213	0.650914047916	0.688069213782	0.704572201787	0.693233464565	0.697053072241	0.624989059993	0.725399102502	0.692386205383	0.710901586237	0.725075838485	0.726308390054	0.648370344547	0.718569325159
PBW49	0.729050239842	0.738926040929	0.790774939901	0.744731784705	0.728414698063	0.731661787086	0.753486099074	0.735875474225	0.7449307971	0.713476469963	0.784217299857	0.708816548747	0.751101261271	0.692332293873	0.609242917981	0.0	0.715182546465	0.5998665904	0.659911881373	0.639388578218	0.611085452524	0.704364818544	0.776676914657	0.734043320038	0.775256459972	0.730637217496	0.743031315789	0.786874491236	0.778428022278	0.755816439253	0.763597204586	0.737414250728	0.756838245741	0.779793402545	0.753411475508	0.720930675827	0.723326947488	0.668708412858	0.725369424589	0.715749990494	0.774412022224	0.749983356444	0.72733471799	0.765092547166	0.750945856398	0.703652078965	0.704255409571	0.663162114827	0.710588942771	0.709385509764	0.695069961594	0.73053580336	0.6571542164	0.705668431056	0.753215465202	0.73452275806	0.74283302649	0.725200586862	0.672491878161	0.73781344454
PBW50	0.672648362411	0.700596172488	0.739726525188	0.729087223243	0.748620764499	0.720731893494	0.714734062036	0.697362339687	0.701446969981	0.732464682252	0.690076904509	0.722899451319	0.638298593325	0.649516423917	0.755540782006	0.715182546465	0.0	0.635423382071	0.664972086903	0.695919412833	0.735289866017	0.706837970825	0.694231640303	0.723902446014	0.598899294138	0.601617004937	0.69942082005	0.711212567081	0.705443049446	0.681631103669	0.679153097962	0.706891252465	0.6475420912	0.665202437398	0.740872426412	0.663667602613	0.71067102486	0.76029602055	0.728126951824	0.690699741702	0.647522294604	0.737636491793	0.704274803118	0.691966393331	0.702262492119	0.736525435234	0.67931607492	0.713161665373	0.737036267117	0.708705356892	0.60341804309	0.672222916004	0.719023657486	0.596284526396	0.739209455972	0.645757527544	0.600934621436	0.686550727651	0.701150916603	0.703918766388
PBW51	0.715473652427	0.725081693129	0.767469899485	0.746383778482	0.746892997929	0.731626933667	0.764249129658	0.747604099216	0.737955125685	0.741133063525	0.757299577936	0.687064233584	0.673112658503	0.649828550661	0.650946185256	0.5998665904	0.635423382071	0.0	0.64493276889	0.704266273793	0.704564328346	0.750305633451	0.715541276764	0.752166525278	0.654752957601	0.6865726984	0.712767264481	0.766964121383	0.726344814926	0.692906180306	0.725906951656	0.751196667185	0.729768649245	0.72836169016	0.769529632408	0.715223783921	0.769483963449	0.752637209045	0.772478716492	0.67298512736	0.702576583619	0.705536197856	0.73691252994	0.791759059868	0.73416038611	0.756307935244	0.698325825925	0.656817622653	0.73622706168	0.696324578551	0.693698599556	0.704350260666	0.691378310575	0.616022721914	0.746915651937	0.670358926819	0.708960972421	0.754735200137	0.722659456254	0.765958936525
PBW52	0.692222028357	0.721723839844	0.765424595113	0.723153169703	0.740691094895	0.718975654051	0.71749624015	0.727179800666	0.712907635247	0.722695151948	0.743488615484	0.699306895374	0.729015936571	0.678408876192	0.706158010909	0.659911881373	0.664972086903	0.64493276889	0.0	0.650411403309	0.643193578737	0.705140486915	0.726152907353	0.695510441808	0.687102701116	0.685440426591	0.720463329211	0.742058752788	0.721523876924	0.70736997729	0.751473106021	0.68836635948	0.719347143519	0.734468884374	0.746445859058	0.658427151443	0.757039702446	0.709182683433	0.705303613594	0.712605442755	0.739911217814	0.633656846611	0.732788132943	0.708674462814	0.724024064377	0.710496232539	0.682451438767	0.679903866363	0.687433959828	0.666937872786	0.676511418099	0.691895956451	0.651685801466	0.723416514906	0.733258042792	0.709942722611	0.725139378124	0.744730578393	0.674173430618	0.688363265446
PBW53	0.726202347475	0.770442879422	0.772895972771	0.725734288298	0.746450609822	0.74802922098	0.781857679539	0.7453831447	0.747590342104	0.771113167552	0.755676121131	0.724982543489	0.748360021739	0.658426569591	0.642472838925	0.639388578218	0.695919412833	0.704266273793	0.650411403309	0.0	0.59467552801	0.658756616155	0.728189375013	0.722316744739	0.728983384598	0.681144477758	0.742522016376	0.675919789675	0.728702422013	0.72562894448	0.7650609637	0.699922508623	0.724763529913	0.705727851164	0.70903864591	0.65688901084	0.740838367804	0.712569434753	0.749216849674	0.732274594652	0.740520472617	0.737323816316	0.685852731653	0.702580635314	0.762037314368	0.705206408629	0.691736332878	0.702380783162	0.679422675648	0.715494534785	0.715578981723	0.750596299418	0.665796067367	0.730166315375	0.719342960521	0.7405096353	0.699691918992	0.721345472226	0.699420509609	0.703623502095
PBW54	0.74436633613	0.746985900268	0.763104547772	0.703140369866	0.730556448235	0.699138709805	0.74048822352	0.727747893526	0.727662789961	0.751306034981	0.751129985557	0.718920004202	0.761422590318	0.67895019176	0.595459877292	0.611085452524	0.735289866017	0.704564328346	0.643193578737	0.59467552801	0.0	0.640439825459	0.754828441863	0.702787152388	0.7509255208	0.703299476909	0.739225017341	0.787612360445	0.76563270347	0.748536113612	0.746682116164	0.724346524581	0.74829185561	0.781747335058	0.737381759612	0.722579320266	0.715834727846	0.701422309897	0.702626226675	0.704823272352	0.747720648187	0.70496369681	0.666241283564	0.724797002607	0.742508835338	0.683955373488	0.66888517961	0.715257231525	0.698852827955	0.718978009727	0.750380544446	0.718480522947	0.654101340687	0.728925481915	0.693565330731	0.700004595367	0.729270749561	0.724219254647	0.644854414651	0.695013320282
PBW55	0.729025566219	0.773866157722	0.769294254371	0.722409071577	0.727036218537	0.744440325806	0.765333884776	0.716322416873	0.748019074624	0.785567794989	0.748906447462	0.726795375168	0.749619440898	0.671379104859	0.716624876333	0.704364818544	0.706837970825	0.750305633451	0.705140486915	0.658756616155	0.640439825459	0.0	0.691006921394	0.752925264074	0.727106513498	0.712539439926	0.70140739325	0.72192934759	0.723184742607	0.70478363091	0.73574566915	0.665492817818	0.659844758673	0.692820485255	0.700821377026	0.687546574704	0.698970681211	0.715445316707	0.70722547887	0.707434298042	0.736799341953	0.741303142855	0.707391085724	0.708981363852	0.734779261509	0.729718396663	0.693175693445	0.745454466831	0.673611177108	0.690677892045	0.767280373152	0.753525353061	0.693353531176	0.750923614917	0.718486717428	0.737836277545	0.714348083653	0.73387463059	0.702313140584	0.693615275456
PBW56	0.770925410503	0.800176006062	0.769868701604	0.72834704751	0.705857205671	0.737120315817	0.751258068969	0.769593456638	0.730073766774	0.761606245535	0.745081583988	0.702439338949	0.754825500725	0.739427605384	0.767722980356	0.776676914657	0.694231640303	0.715541276764	0.726152907353	0.728189375013	0.754828441863	0.691006921394	0.0	0.721338602383	0.717687951034	0.702580627959	0.603068967371	0.671275571903	0.669957679031	0.648018367368	0.716443827909	0.738025286785	0.667145897161	0.699459324398	0.692726851396	0.646828959654	0.737223842417	0.751334593199	0.767703964507	0.750740823922	0.698737720255	0.718282655179	0.732623284096	0.747070969123	0.755614717831	0.764353457503	0.672962729665	0.724382853205	0.694442784177	0.73766839258	0.734842658752	0.757230833298	0.73005076932	0.73910365105	0.746863144295	0.772397869818	0.700581765313	0.747834790428	0.718533479636	0.69579861003
PBW58	0.681759798873	0.695285446914	0.738318405504	0.666679105218	0.678903714831	0.69817970927	0.670677303693	0.690146105786	0.668487108231	0.65487699419	0.681819339226	0.58740857489	0.700473057889	0.745964432876	0.713439222572	0.734043320038	0.723902446014	0.752166525278	0.695510441808	0.722316744739	0.702787152388	0.752925264074	0.721338602383	0.0	0.724177686611	0.690269694533	0.733873530014	0.681662280706	0.745559467395	0.72843362843	0.735587821557	0.685572270305	0.722707775004	0.719423869115	0.718690409471	0.684446433127	0.711868062672	0.655556777248	0.682060618773	0.71549078944	0.779338316477	0.675844801058	0.673457959756	0.672924505273	0.695019108048	0.666731509395	0.705065239446	0.723423090229	0.737460039711	0.746779545986	0.764013967235	0.717648036066	0.695608042558	0.729790911361	0.723637771945	0.720955274382	0.740986570633	0.726439684592	0.686743911608	0.720451659013
PBW59	0.659131103498	0.747941004269	0.717155068492	0.721638547435	0.738933683901	0.711267888224	0.721438858264	0.710898400337	0.726773724196	0.716961574764	0.709890718433	0.69377222717	0.671110379551	0.622935500409	0.738479227126	0.775256459972	0.598899294138	0.654752957601	0.687102701116	0.728983384598	0.7509255208	0.727106513498	0.717687951034	0.724177686611	0.0	0.634890131418	0.720259958695	0.720214200725	0.673264370052	0.714089192243	0.685134728696	0.727157089557	0.649620362669	0.687933331543	0.698531838337	0.703891581297	0.718956291449	0.753175097671	0.773843539989	0.698334758241	0.641525921149	0.673359008272	0.731961871087	0.722078119188	0.710303324001	0.728367425526	0.674596802165	0.699522064288	0.720570372938	0.706286887969	0.680269922144	0.72376203175	0.723871934706	0.676996049447	0.740751413517	0.663860807094	0.643495745175	0.726653881326	0.692079610516	0.721965549728
PBW60	0.667682807077	0.725177630306	0.73641895809	0.679274179333	0.722355491122	0.689149804051	0.714419143873	0.678620697843	0.727710197496	0.715859233659	0.710122348536	0.639862191041	0.686714930957	0.644097922165	0.728407025076	0.730637217496	0.601617004937	0.6865726984	0.685440426591	0.681144477758	0.703299476909	0.712539439926	0.702580627959	0.690269694533	0.634890131418	0.0	0.704453772533	0.73926450235	0.721406191765	0.677576069706	0.688697737438	0.715171013236	0.705524460094	0.679875284064	0.710889207266	0.675821639398	0.745263300218	0.715788995297	0.738923698886	0.697003191071	0.622984836095	0.70728993322	0.71072659734	0.688082820997	0.716665937489	0.724416792651	0.718524915146	0.728453640906	0.725370919108	0.703707278747	0.679389804047	0.707565281088	0.710728751809	0.675674020595	0.734447897444	0.68674416048	0.630972540428	0.735588102327	0.715502991861	0.68506491138
PEP16	0.747494577342	0.79623917389	0.752720762979	0.728265784035	0.693043294296	0.726020560231	0.740249512312	0.745405457974	0.739590192629	0.767498677106	0.722575709004	0.767133389855	0.738496230086	0.757412622885	0.757411372395	0.743031315789	0.69942082005	0.712767264481	0.720463329211	0.742522016376	0.739225017341	0.70140739325	0.603068967371	0.733873530014	0.720259958695	0.704453772533	0.0	0.718483990496	0.712618058217	0.671183816351	0.671164893125	0.738320601372	0.64422557458	0.700983626343	0.748534161927	0.700448967019	0.726825106893	0.781026689547	0.759115905665	0.726442994742	0.727747661209	0.75217699257	0.739430134666	0.757952800841	0.734153784509	0.75373838841	0.713984083417	0.720333701672	0.755915324498	0.772128964214	0.736453930487	0.749706951311	0.6775933214	0.695363911173	0.747628656409	0.717536966737	0.720290820001	0.732357404023	0.720861387936	0.764199496492
PEP18	0.742942385695	0.766055713538	0.773804551176	0.757521885895	0.748662418824	0.783595231573	0.750402840722	0.776424777972	0.748904379362	0.788547704333	0.722554101283	0.711153303537	0.770220232734	0.746337936392	0.750495101682	0.786874491236	0.711212567081	0.766964121383	0.742058752788	0.675919789675	0.787612360445	0.72192934759	0.671275571903	0.681662280706	0.720214200725	0.73926450235	0.718483990496	0.0	0.697127098315	0.658355880473	0.707439937085	0.643676868999	0.647509457131	0.642912984979	0.697798339367	0.652956952406	0.741862250041	0.778087483657	0.775949351338	0.768906216337	0.755878398595	0.763371885593	0.731609452192	0.726113506342	0.755579495392	0.749946694012	0.724330405807	0.771572638239	0.733755454844	0.750101498724	0.691881624641	0.763070276108	0.69754310274	0.766649264424	0.746964325009	0.765779082754	0.608225631234	0.70430671108	0.726947408812	0.739056056569
PEP21	0.773141343486	0.790340389635	0.713841610239	0.750237248048	0.732322340745	0.74305013318	0.735788293433	0.724877590639	0.751907531221	0.730671041825	0.702458677083	0.736311936637	0.722468912746	0.678213976221	0.746948102576	0.778428022278	0.705443049446	0.726344814926	0.721523876924	0.728702422013	0.76563270347	0.723184742607	0.669957679031	0.745559467395	0.673264370052	0.721406191765	0.712618058217	0.697127098315	0.0	0.680881280696	0.669563022073	0.699762059391	0.668870060063	0.663389894428	0.693720941865	0.682864561648	0.76098095541	0.749912340638	0.764740862553	0.697483396761	0.69161457677	0.721483489352	0.752410146899	0.731721299171	0.75053881053	0.703823264669	0.720511014974	0.758301626092	0.732804382647	0.722642224774	0.704584516127	0.72421666513	0.728775400865	0.743334020943	0.73045412322	0.722764276691	0.708799132877	0.724952068445	0.722110590789	0.722298017562
PEP23	0.736235400905	0.765204000898	0.732498401693	0.704348840832	0.673870310711	0.701512334226	0.707518346797	0.683417954239	0.714909313987	0.709093235099	0.705869925499	0.746945500805	0.689195596702	0.754485633035	0.740066453765	0.755816439253	0.681631103669	0.692906180306	0.70736997729	0.72562894448	0.748536113612	0.70478363091	0.648018367368	0.72843362843	0.714089192243	0.677576069706	0.671183816351	0.658355880473	0.680881280696	0.0	0.699881074485	0.685878938361	0.626741040783	0.622249009328	0.692755326093	0.629371450101	0.704383051964	0.736936118781	0.739620531372	0.70498531944	0.696137231115	0.699136408312	0.691074548627	0.654650272268	0.715151587647	0.710727007406	0.718379553832	0.707546336174	0.73104620153	0.701159564746	0.684103004491	0.691329556327	0.739451578015	0.692412340696	0.701591205253	0.702849009595	0.671652871345	0.728965052128	0.682966752485	0.723885597304
PEP24	0.703168825701	0.763502668847	0.709134006437	0.725351962439	0.69293758803	0.714952657011	0.721029151027	0.698485062742	0.708210967883	0.713201632225	0.686794210079	0.748510606165	0.68053545012	0.720032812802	0.731927786858	0.763597204586	0.679153097962	0.725906951656	0.751473106021	0.7650609637	0.746682116164	0.73574566915	0.716443827909	0.735587821557	0.685134728696	0.688697737438	0.671164893125	0.707439937085	0.669563022073	0.699881074485	0.0	0.720549199647	0.672047869936	0.691447283169	0.708065713034	0.679887051889	0.710303433999	0.760195323288	0.742651548173	0.690735901607	0.671500755491	0.744067447705	0.713064475	0.725833503293	0.696446100764	0.722966513127	0.732757955438	0.77812435847	0.781708740987	0.75353141335	0.708228210234	0.724328086866	0.725455134049	0.702558435181	0.709565849104	0.699663243415	0.708687241773	0.686691416022	0.693099332813	0.758270701522
PEP26	0.695213549619	0.700478129351	0.760210256426	0.729670980316	0.746676541405	0.73628540881	0.712595290824	0.688834373186	0.707212451462	0.721413575778	0.69309857384	0.68878211838	0.669093132358	0.6758802787	0.714185217576	0.737414250728	0.706891252465	0.751196667185	0.68836635948	0.699922508623	0.724346524581	0.665492817818	0.738025286785	0.685572270305	0.727157089557	0.715171013236	0.738320601372	0.643676868999	0.699762059391	0.685878938361	0.720549199647	0.0	0.63942068126	0.685048449191	0.712011562226	0.707908285609	0.707863812935	0.714170749797	0.686146233149	0.727334511712	0.745417323721	0.706792212417	0.687221795013	0.658439254208	0.745354587024	0.698345830696	0.731132102802	0.742187212989	0.712816463434	0.71045251627	0.720121854813	0.7252923191	0.680939200362	0.739501433753	0.733311822032	0.725947457989	0.690922235231	0.695831003424	0.69039590174	0.676400586715
PEP27	0.710682441128	0.76811265043	0.737524433116	0.7286356643	0.707717076587	0.714093436965	0.723160412078	0.713870809557	0.724374342421	0.736161709966	0.692419139228	0.712756484207	0.691200992755	0.718970322234	0.753841764779	0.756838245741	0.6475420912	0.729768649245	0.719347143519	0.724763529913	0.74829185561	0.659844758673	0.667145897161	0.722707775004	0.649620362669	0.705524460094	0.64422557458	0.647509457131	0.668870060063	0.626741040783	0.672047869936	0.63942068126	0.0	0.672567550695	0.707572972832	0.629078487622	0.717191661564	0.762745052673	0.717540395012	0.700803670908	0.699377260852	0.725156610361	0.708901040365	0.691197068123	0.698534494259	0.721051878842	0.677269942877	0.714650582898	0.694962780862	0.694966422443	0.696263636108	0.726450707705	0.700016149653	0.711171176723	0.703528325563	0.696596673643	0.667942915517	0.719932653332	0.674354969297	0.710390347033
PEP28	0.735813797575	0.772050626532	0.700523710243	0.714565449856	0.693646934475	0.70998958666	0.706982883857	0.674060025723	0.712492140531	0.726819451611	0.655821240552	0.728823614401	0.697563050087	0.74281839788	0.706473896264	0.779793402545	0.665202437398	0.72836169016	0.734468884374	0.705727851164	0.781747335058	0.692820485255	0.699459324398	0.719423869115	0.687933331543	0.679875284064	0.700983626343	0.642912984979	0.663389894428	0.622249009328	0.691447283169	0.685048449191	0.672567550695	0.0	0.723758279238	0.605206202057	0.7302772205	0.746362278503	0.728934857745	0.679881366256	0.702159110577	0.740886749408	0.697294837229	0.700399048312	0.725571990163	0.746535207489	0.68893318333	0.706866429186	0.729300668439	0.720266906373	0.65275386075	0.699495156674	0.696301056508	0.717458644979	0.738973596739	0.731226971467	0.655869164205	0.702703755409	0.682083103838	0.737629327543
PEP29	0.767310310788	0.75697132887	0.767462310795	0.766432534211	0.738889728297	0.768815091799	0.773864756099	0.752272356609	0.784461401187	0.75474814608	0.779399502551	0.674850098206	0.752672449593	0.713280985924	0.718033077622	0.753411475508	0.740872426412	0.769529632408	0.746445859058	0.70903864591	0.737381759612	0.700821377026	0.692726851396	0.718690409471	0.698531838337	0.710889207266	0.748534161927	0.697798339367	0.693720941865	0.692755326093	0.708065713034	0.712011562226	0.707572972832	0.723758279238	0.0	0.670687306206	0.715309274182	0.729078817848	0.730266507158	0.736638874576	0.660530382888	0.68312836994	0.690043052829	0.706884687213	0.767060963246	0.728356842264	0.752691258835	0.751700250302	0.707117600734	0.700033360192	0.708117258091	0.741394196103	0.730846069427	0.758723402647	0.719448060779	0.744388881588	0.707218440541	0.757576967168	0.729464970427	0.716471562051
PEP30	0.717868671122	0.746674591737	0.734806455213	0.70154193298	0.693255883427	0.714720815742	0.679648669434	0.705943016571	0.703796036587	0.712929254161	0.673265336538	0.696751181452	0.703570858573	0.727926286393	0.706727237695	0.720930675827	0.663667602613	0.715223783921	0.658427151443	0.65688901084	0.722579320266	0.687546574704	0.646828959654	0.684446433127	0.703891581297	0.675821639398	0.700448967019	0.652956952406	0.682864561648	0.629371450101	0.679887051889	0.707908285609	0.629078487622	0.605206202057	0.670687306206	0.0	0.731331939728	0.705315305502	0.729064723439	0.683158415117	0.702812088102	0.709359467477	0.69845383299	0.686010980579	0.750237483292	0.720128319246	0.682554689674	0.716154235478	0.716983865575	0.724438446876	0.653991557879	0.702693233621	0.697644904744	0.730819703596	0.70955239177	0.740009463962	0.689276586119	0.698530422686	0.655170007909	0.684999843732
PIS1	0.67429443604	0.735822365805	0.727571602047	0.688377749297	0.714837918829	0.685250764875	0.695433937868	0.669767414315	0.706827074647	0.706992684961	0.701126130661	0.73833424265	0.680884608699	0.746760339375	0.740308664455	0.723326947488	0.71067102486	0.769483963449	0.757039702446	0.740838367804	0.715834727846	0.698970681211	0.737223842417	0.711868062672	0.718956291449	0.745263300218	0.726825106893	0.741862250041	0.76098095541	0.704383051964	0.710303433999	0.707863812935	0.717191661564	0.7302772205	0.715309274182	0.731331939728	0.0	0.693417875758	0.63609303534	0.703259038653	0.708889653701	0.727852636073	0.60006889298	0.655728089699	0.702744525457	0.654886672891	0.68000460446	0.694392421346	0.763691098129	0.746373586502	0.746523147909	0.727174018331	0.717454342959	0.709366395644	0.651995336542	0.654081217718	0.721366737458	0.664698725056	0.637950638869	0.748433617184
PIS2	0.680062028153	0.718247477275	0.733178658072	0.625072985461	0.695140930498	0.698482006864	0.705579459813	0.655266051109	0.725126985047	0.653062794143	0.698581292332	0.658514081484	0.713399044516	0.752380709845	0.69373271484	0.668708412858	0.76029602055	0.752637209045	0.709182683433	0.712569434753	0.701422309897	0.715445316707	0.751334593199	0.655556777248	0.753175097671	0.715788995297	0.781026689547	0.778087483657	0.749912340638	0.736936118781	0.760195323288	0.714170749797	0.762745052673	0.746362278503	0.729078817848	0.705315305502	0.693417875758	0.0	0.635825226024	0.703669649327	0.766734754079	0.685503898247	0.697963283839	0.652536089038	0.734671369413	0.652970471705	0.700355005381	0.719144688971	0.71593785953	0.738660365828	0.748662949999	0.703270638917	0.712208061958	0.779284384596	0.720912153172	0.747792055809	0.747947284766	0.759734744787	0.651292767531	0.725469191748
PIS4	0.702669916511	0.702957882272	0.711616041741	0.687344111073	0.702288573865	0.69974209146	0.705038222279	0.661514409089	0.694087909679	0.697073850879	0.688619336945	0.709792125987	0.692450648206	0.750459336395	0.722599579622	0.725369424589	0.728126951824	0.772478716492	0.705303613594	0.749216849674	0.702626226675	0.70722547887	0.767703964507	0.682060618773	0.773843539989	0.738923698886	0.759115905665	0.775949351338	0.764740862553	0.739620531372	0.742651548173	0.686146233149	0.717540395012	0.728934857745	0.730266507158	0.729064723439	0.63609303534	0.635825226024	0.0	0.694341246761	0.737682677769	0.737581317297	0.62168599395	0.681940404206	0.71327389133	0.663962713695	0.69542781404	0.724880020484	0.720267445815	0.723339404087	0.76010456313	0.72533349656	0.712834894082	0.756510372185	0.706658124387	0.68337027776	0.724163842926	0.731692272049	0.622763739297	0.71484525052
PIS5	0.71350733655	0.73059714096	0.673696224055	0.654489803639	0.69691741313	0.663342992954	0.669429102287	0.642721797353	0.672024588845	0.686223740421	0.658845238424	0.754778513399	0.644472558793	0.732028939242	0.677624852652	0.715749990494	0.690699741702	0.67298512736	0.712605442755	0.732274594652	0.704823272352	0.707434298042	0.750740823922	0.71549078944	0.698334758241	0.697003191071	0.726442994742	0.768906216337	0.697483396761	0.70498531944	0.690735901607	0.727334511712	0.700803670908	0.679881366256	0.736638874576	0.683158415117	0.703259038653	0.703669649327	0.694341246761	0.0	0.680543879518	0.712273535021	0.6500469205	0.651728763182	0.64475622588	0.681461145113	0.673033819909	0.684492310154	0.696584296013	0.669062272817	0.677045430904	0.670520640823	0.680575305971	0.694476565961	0.670921809061	0.687671583125	0.726197306156	0.697069741149	0.657814273222	0.707750179295
PIS7	0.708096511476	0.744405991059	0.743154538316	0.70884178457	0.732776462535	0.719156075532	0.728047002924	0.709555363408	0.728339078211	0.740071013905	0.71265538164	0.699161052119	0.658521039772	0.685474552098	0.74790552639	0.774412022224	0.647522294604	0.702576583619	0.739911217814	0.740520472617	0.747720648187	0.736799341953	0.698737720255	0.779338316477	0.641525921149	0.622984836095	0.727747661209	0.755878398595	0.69161457677	0.696137231115	0.671500755491	0.745417323721	0.699377260852	0.702159110577	0.660530382888	0.702812088102	0.708889653701	0.766734754079	0.737682677769	0.680543879518	0.0	0.708262713588	0.726923628858	0.712004067409	0.745492557786	0.717937359073	0.731788383017	0.737367226663	0.731966077937	0.689932529807	0.685380276935	0.752243256015	0.733887053359	0.688457274237	0.724240026868	0.677557744548	0.682106403904	0.734913541416	0.707700632786	0.713555393421
PIS9	0.72751250681	0.696238687886	0.733142727202	0.681148539121	0.684168387341	0.670101385231	0.706462258376	0.712097471069	0.671902251504	0.665302572878	0.758629660449	0.642839614622	0.723057407417	0.716660880398	0.713348168128	0.749983356444	0.737636491793	0.705536197856	0.633656846611	0.737323816316	0.70496369681	0.741303142855	0.718282655179	0.675844801058	0.673359008272	0.70728993322	0.75217699257	0.763371885593	0.721483489352	0.699136408312	0.744067447705	0.706792212417	0.725156610361	0.740886749408	0.68312836994	0.709359467477	0.727852636073	0.685503898247	0.737581317297	0.712273535021	0.708262713588	0.0	0.692079413867	0.670894395957	0.695297679771	0.65191242757	0.697127269515	0.670701329536	0.665329307248	0.657692226656	0.669302330331	0.666173569979	0.684515457566	0.74962855014	0.723282719682	0.70785193327	0.776559299714	0.804684894226	0.716674179014	0.703952985053
PIS10	0.669058157953	0.701549101789	0.720245955742	0.679963684223	0.66943143949	0.628041696909	0.676648016974	0.655466112395	0.656131348742	0.668273087054	0.689244873133	0.715447510594	0.650247818475	0.694543226959	0.655414883176	0.72733471799	0.704274803118	0.73691252994	0.732788132943	0.685852731653	0.666241283564	0.707391085724	0.732623284096	0.673457959756	0.731961871087	0.71072659734	0.739430134666	0.731609452192	0.752410146899	0.691074548627	0.713064475	0.687221795013	0.708901040365	0.697294837229	0.690043052829	0.69845383299	0.60006889298	0.697963283839	0.62168599395	0.6500469205	0.726923628858	0.692079413867	0.0	0.649926625088	0.673995678619	0.610588320171	0.640979910295	0.631858221437	0.691679194621	0.726012201344	0.763771923489	0.694545765728	0.661905239108	0.73070188419	0.636288686606	0.640097760744	0.708729918707	0.72230743117	0.591122168567	0.709980435962
PIS11	0.667730147898	0.697142639103	0.68854720847	0.648820180983	0.693711108092	0.68615314276	0.673127908986	0.654679029003	0.694424012421	0.656454424103	0.682798747244	0.679455252853	0.667302848011	0.720508861251	0.743370594514	0.765092547166	0.691966393331	0.791759059868	0.708674462814	0.702580635314	0.724797002607	0.708981363852	0.747070969123	0.672924505273	0.722078119188	0.688082820997	0.757952800841	0.726113506342	0.731721299171	0.654650272268	0.725833503293	0.658439254208	0.691197068123	0.700399048312	0.706884687213	0.686010980579	0.655728089699	0.652536089038	0.681940404206	0.651728763182	0.712004067409	0.670894395957	0.649926625088	0.0	0.674789521287	0.590665494474	0.689195276951	0.722248828973	0.709329625438	0.714318834741	0.711368737839	0.708275340647	0.716482858553	0.738377484436	0.68395644402	0.70257463492	0.704281302764	0.710911966678	0.658286599487	0.686192017137
