	PAM31	PAM32	PAM33	PAM35	PAM36	PAM37	PAM39	PAM40	PAM41	PAM42	PAM43	PAM44	PAM45	PBW46	PBW47	PBW49	PBW50	PBW51	PBW52	PBW53	PBW54	PBW55	PBW56	PBW58	PBW59	PBW60	PEP16	PEP18	PEP21	PEP23	PEP24	PEP26	PEP27	PEP28	PEP29	PEP30	PIS1	PIS2	PIS4	PIS5	PIS7	PIS9	PIS10	PIS11	PIS14	PIS15	PLL76	PLL77	PLL79	PLL80	PLL83	PLL88	PLL89	PLL90	PPO64	PPO66	PPO67	PPO69	PPO72	PPO75
PAM31	0.0	0.683548627904	0.624877294148	0.688078848132	0.691644735223	0.636114340709	0.6170914875	0.669641805187	0.700730158248	0.630182545072	0.612136431121	0.71116350948	0.713486879926	0.688477738137	0.739949577145	0.76541945667	0.68164220313	0.752302186949	0.685300029434	0.677214985556	0.709051706885	0.668310108176	0.706366683215	0.715165672042	0.746766254678	0.71508935854	0.69046987297	0.712012677235	0.700901352711	0.696928920998	0.715647470734	0.688571449793	0.717510182973	0.681317301681	0.727166266173	0.688995545218	0.675412535896	0.68415533971	0.627884646603	0.694950319856	0.741663210154	0.633939780705	0.685176267972	0.680884325921	0.689325474963	0.633280638567	0.668759405182	0.742974878057	0.701841793759	0.731680167451	0.749014049937	0.732568330073	0.725417699499	0.745855546938	0.654995618795	0.680613959318	0.694979589814	0.693909165185	0.673151236702	0.690579937399
PAM32	0.683548627904	0.0	0.698547042565	0.660518705618	0.622258088016	0.684758214074	0.721192423159	0.67670804685	0.545786362871	0.718955169386	0.677236916045	0.60708245534	0.555603232935	0.683184484524	0.728787791946	0.720626359316	0.729319793027	0.730410215664	0.685327510112	0.713714322418	0.718641357126	0.780478477422	0.739303636355	0.652196813569	0.698834897267	0.736545705381	0.757040671535	0.766549842537	0.760526632893	0.749385219732	0.746342849084	0.67499711514	0.738087764989	0.711063856734	0.74481174021	0.772851969335	0.672839015558	0.729246419059	0.74148211477	0.731968504736	0.693940149976	0.707449609186	0.711381823312	0.667697975037	0.718756111638	0.727656177593	0.701007637469	0.70026907212	0.679682630407	0.620442236772	0.723987085887	0.685291569187	0.660449559035	0.62421133297	0.690919868705	0.643883726348	0.728877013816	0.649425594647	0.620326649388	0.663078377151
PAM33	0.624877294148	0.698547042565	0.0	0.630066194839	0.663679891141	0.651112175428	0.638467819049	0.651933922282	0.659568342447	0.598625359573	0.554236616246	0.712721338355	0.671452786167	0.727146006472	0.758539728514	0.787832182111	0.696736201436	0.741904030589	0.722762620338	0.721366999579	0.745498661392	0.736637659923	0.685406544817	0.722062365671	0.714302419161	0.691382023229	0.700788979828	0.740025067016	0.695984833528	0.695918525312	0.70772780828	0.708872982103	0.684313343025	0.730871082671	0.73495458723	0.65787591154	0.679835163546	0.724879232197	0.678743380776	0.713628802884	0.701009731752	0.617271573079	0.705395815997	0.694774122334	0.667630788048	0.645857260209	0.694854023291	0.737612325389	0.720424519127	0.736693604227	0.720860243821	0.70801253362	0.742743100158	0.760016656926	0.642460196964	0.719913905342	0.718856972902	0.691054930482	0.730695476553	0.704665133962
PAM35	0.688078848132	0.660518705618	0.630066194839	0.0	0.6183385513	0.693528113861	0.669834642967	0.587175937673	0.608713777678	0.679104213768	0.60601223033	0.708733867131	0.670825627939	0.76722886188	0.714848168757	0.751733593187	0.710961110334	0.747607743786	0.731115937628	0.729320101744	0.721639419006	0.755215018868	0.716860250122	0.718685810646	0.688897143915	0.705859820098	0.731846990107	0.748722261733	0.69046016743	0.710295658115	0.711351754492	0.712280821657	0.679903646392	0.71694945725	0.765817709307	0.695168165563	0.680430887772	0.709875819607	0.642561086794	0.711462567824	0.674344062384	0.67295072462	0.69312329392	0.647180655312	0.620228060974	0.704789211065	0.717431657706	0.743298410931	0.736838255867	0.732032974171	0.729396570127	0.712989661257	0.732860119977	0.696888808819	0.67302132822	0.738279517377	0.707149294248	0.704165653347	0.703401755534	0.688679327005
PAM36	0.691644735223	0.622258088016	0.663679891141	0.6183385513	0.0	0.67617197652	0.667042249007	0.623387226063	0.60844632847	0.661567695065	0.632807438684	0.657109565858	0.643368175718	0.722237505791	0.748677792223	0.778426460762	0.764513970042	0.789087682039	0.720045262577	0.726394723043	0.731653848309	0.748090379679	0.734467929806	0.647700830294	0.715472264746	0.736039471282	0.723552552468	0.766437293667	0.762987310492	0.716591384289	0.762659767715	0.719133659584	0.740030803546	0.709934920676	0.733315978572	0.756023074552	0.687378546955	0.735007258859	0.717393533444	0.69594633884	0.70521984409	0.733899174618	0.722916069916	0.616236392723	0.705683721748	0.694986462853	0.729148715535	0.739763127307	0.704145402145	0.678870148451	0.74146205044	0.70333974466	0.675102519706	0.686292185071	0.667547034809	0.660455965977	0.718513360545	0.703509105553	0.709644009543	0.634151470967
PAM37	0.636114340709	0.684758214074	0.651112175428	0.693528113861	0.67617197652	0.0	0.706231066891	0.674153842457	0.670188233525	0.6582311486	0.704368219609	0.720792199006	0.697765678771	0.721891202411	0.738489317005	0.803223945079	0.730467015884	0.763274755986	0.74350674599	0.744570384673	0.724202652685	0.747491899556	0.765747633264	0.685939108725	0.719008305506	0.696470287992	0.743948560441	0.769139400758	0.73370117348	0.747178566049	0.700317912417	0.761722146477	0.752480075759	0.733196428962	0.758774277745	0.762367061719	0.670487787643	0.677173727574	0.741513956172	0.695973461683	0.698251009738	0.719200445026	0.663208762395	0.649851206454	0.681558017318	0.671905011317	0.727996352643	0.716504567282	0.742386635219	0.73650112719	0.721366411297	0.762976609124	0.743303600972	0.744372018064	0.708036661927	0.731636918679	0.732615573656	0.750536027551	0.683797112168	0.73621244294
PAM39	0.6170914875	0.721192423159	0.638467819049	0.669834642967	0.667042249007	0.706231066891	0.0	0.635999286612	0.676025890049	0.617532944267	0.589700302455	0.717197742661	0.689092286421	0.755317194448	0.726618892798	0.792704671601	0.702475981402	0.757962961585	0.69919436193	0.699059016868	0.72243764534	0.720336330362	0.715858914725	0.736419642155	0.77017229355	0.718406054702	0.700887859379	0.737271078192	0.736608969662	0.710976331985	0.737783961081	0.702329983998	0.708770614065	0.690734639753	0.706748521928	0.707957481335	0.657555461739	0.703280953198	0.649800611784	0.701275346874	0.706849873791	0.619501184361	0.669346972843	0.72633287821	0.702343984386	0.639309008041	0.681705308914	0.729517245507	0.72871337424	0.749960654196	0.743670482723	0.714675417291	0.748803442889	0.761837683658	0.683752291686	0.707250037835	0.728946826033	0.734127461928	0.699110783445	0.693368534749
PAM40	0.669641805187	0.67670804685	0.651933922282	0.587175937673	0.623387226063	0.674153842457	0.635999286612	0.0	0.57656737019	0.585717607307	0.585562589133	0.713953637239	0.654420242626	0.75823249709	0.725613785495	0.762561498983	0.736503637452	0.725670510513	0.736340156546	0.736305387171	0.711191667693	0.763204519607	0.721767932737	0.706888222857	0.756556032576	0.72219965796	0.724086550243	0.786671227883	0.720509463376	0.678823199843	0.720915545219	0.700301516049	0.721505329992	0.727561741879	0.750512391035	0.716964304181	0.662219343871	0.680337235924	0.690477415879	0.69593931739	0.681199353798	0.645928907705	0.685605707421	0.651080849645	0.611237568831	0.680636633404	0.708786302951	0.713173394924	0.70191475584	0.730424691606	0.724864030199	0.717826978842	0.7464821354	0.72866718145	0.688131413699	0.731691406024	0.699606569312	0.737578794205	0.700561901394	0.69956811812
PAM41	0.700730158248	0.545786362871	0.659568342447	0.608713777678	0.60844632847	0.670188233525	0.676025890049	0.57656737019	0.0	0.672664298955	0.619678802935	0.643347435027	0.567371464997	0.697198608697	0.770668540623	0.799509105002	0.737770937792	0.74858037226	0.740232776932	0.748333135135	0.730912634383	0.775140930028	0.730897450135	0.66106397427	0.674590570345	0.722988267695	0.751739348915	0.765811339536	0.717419939974	0.727553671583	0.714078387442	0.717396862241	0.717616719028	0.720023599127	0.734642827399	0.756505529932	0.681502067432	0.726595131358	0.727608687536	0.699903618426	0.632725765051	0.664022093142	0.685434126341	0.63303745205	0.667594859216	0.711666335788	0.735874878825	0.742908641156	0.682505603214	0.703330175125	0.748069861133	0.693552491522	0.715860703421	0.659165857845	0.716218587246	0.640835035073	0.753949962001	0.654776211209	0.66382191894	0.677386115282
PAM42	0.630182545072	0.718955169386	0.598625359573	0.679104213768	0.661567695065	0.6582311486	0.617532944267	0.585717607307	0.672664298955	0.0	0.60472255399	0.705892457053	0.704897954238	0.75033193798	0.774074967127	0.777545409831	0.742349110051	0.792691276265	0.749220771008	0.744945810341	0.733049598029	0.744003325893	0.727069156972	0.710681662953	0.78072745968	0.743787165574	0.716600804204	0.730522944656	0.735942174659	0.71883522426	0.693333364589	0.689261655796	0.717342210847	0.721423991821	0.723780017815	0.692890350633	0.657480374964	0.702292364439	0.640854246957	0.718425279115	0.754938300104	0.659850441811	0.671050449202	0.682176947777	0.680531079849	0.635889306375	0.675793783198	0.743582452282	0.745619346667	0.757570984442	0.747921570802	0.713062956733	0.731804782187	0.756215349638	0.678978133011	0.705227924438	0.708516914976	0.738225951581	0.708589952214	0.68700267556
PAM43	0.612136431121	0.677236916045	0.554236616246	0.60601223033	0.632807438684	0.704368219609	0.589700302455	0.585562589133	0.619678802935	0.60472255399	0.0	0.715670042893	0.67460648399	0.755195685465	0.774233718146	0.776796014324	0.707217586007	0.765797897408	0.735850608046	0.717415158686	0.722685219633	0.73497551309	0.676764994111	0.752368123167	0.718745484715	0.704177490994	0.691051089733	0.714976346455	0.704166152679	0.701632951476	0.699175000574	0.706978434033	0.676259429154	0.69709470513	0.73026270463	0.662256612707	0.662096720574	0.725759496199	0.65792595763	0.724901142277	0.686376001763	0.630822198839	0.709681706647	0.681089430642	0.677181767501	0.641735635328	0.629014684916	0.725030558103	0.698945660711	0.734153311906	0.736785607377	0.689302821104	0.738202282181	0.733062201406	0.657809498357	0.717278972128	0.714238877516	0.676430571482	0.692835517798	0.683693376724
PAM44	0.71116350948	0.60708245534	0.712721338355	0.708733867131	0.657109565858	0.720792199006	0.717197742661	0.713953637239	0.643347435027	0.705892457053	0.715670042893	0.0	0.635535549823	0.668271023559	0.678957112715	0.727857212532	0.725912431838	0.714472004851	0.72822012803	0.68868401657	0.665851331991	0.734912909582	0.717252063196	0.506806829336	0.690010968424	0.721685689201	0.71764039976	0.735570669898	0.743239084975	0.733262498029	0.708940698074	0.693722226273	0.720958895175	0.709766430335	0.683496208719	0.740089493877	0.658478390329	0.675443506986	0.738793968178	0.680110667841	0.730773450032	0.69318514566	0.664636817974	0.636778945301	0.680531245996	0.693488809649	0.722189412876	0.732147320343	0.676261268581	0.673573182068	0.732806476064	0.686241876893	0.617841200031	0.664961839841	0.701918735434	0.623915239195	0.7111197381	0.677357989854	0.657031961355	0.648081225472
PAM45	0.713486879926	0.555603232935	0.671452786167	0.670825627939	0.643368175718	0.697765678771	0.689092286421	0.654420242626	0.567371464997	0.704897954238	0.67460648399	0.635535549823	0.0	0.691480433101	0.758984821135	0.787483858459	0.721083649317	0.713887819776	0.723749265035	0.751398947291	0.74849787627	0.79117926505	0.715986511543	0.663710655644	0.694153668385	0.728732781461	0.741529372668	0.748383311695	0.706655915643	0.722833866908	0.70358357442	0.692782028124	0.727557062619	0.7138086749	0.710350865558	0.755456318471	0.703584120365	0.722048453449	0.727734978005	0.738960023975	0.715805605816	0.694024179814	0.720910202144	0.69944244305	0.691628899381	0.747355169633	0.722858470637	0.726927219932	0.693535844197	0.690045887718	0.697100046159	0.713997521279	0.660087972311	0.66145135244	0.713084812122	0.683315052491	0.750969064458	0.624528327064	0.667708768486	0.679845723959
PBW46	0.688477738137	0.683184484524	0.727146006472	0.76722886188	0.722237505791	0.721891202411	0.755317194448	0.75823249709	0.697198608697	0.75033193798	0.755195685465	0.668271023559	0.691480433101	0.0	0.70016449076	0.733369406988	0.649986950999	0.647788828834	0.605910584283	0.645374928221	0.664387631019	0.688479625823	0.674780715398	0.637276484349	0.646744118823	0.649088898304	0.671835182214	0.750742065233	0.666576031578	0.705825745524	0.699513688864	0.720796240301	0.706972363945	0.697494755463	0.68548528011	0.722293955221	0.750621704618	0.728379484309	0.740819036065	0.648890175408	0.717881419593	0.71179467178	0.711135950817	0.700083157372	0.675856040207	0.665299503712	0.679996528215	0.667525630974	0.623998770263	0.636019762977	0.639369198036	0.654178157266	0.685768790292	0.635492762021	0.670122491674	0.679653129772	0.70670701804	0.678555937768	0.695300347774	0.673804018131
PBW47	0.739949577145	0.728787791946	0.758539728514	0.714848168757	0.748677792223	0.738489317005	0.726618892798	0.725613785495	0.770668540623	0.774074967127	0.774233718146	0.678957112715	0.758984821135	0.70016449076	0.0	0.632750985582	0.751382564089	0.639009460752	0.69467285328	0.691333921206	0.661074837171	0.722019077154	0.770213111361	0.706606623798	0.765644795378	0.746434284348	0.758032154152	0.78087128637	0.717028883917	0.760337195906	0.740325192719	0.733983205137	0.740897466445	0.710476975234	0.726298492445	0.752323070067	0.711769362208	0.635859884744	0.732778649711	0.618654721522	0.734106988752	0.722261617065	0.681446432142	0.752695029135	0.714190140258	0.684091206001	0.70623065456	0.671673539871	0.681042696182	0.67961362067	0.663245828817	0.725160297262	0.666600817941	0.701087131686	0.733905095069	0.736763980218	0.667757813327	0.774026632167	0.633624396401	0.726309634148
PBW49	0.76541945667	0.720626359316	0.787832182111	0.751733593187	0.778426460762	0.803223945079	0.792704671601	0.762561498983	0.799509105002	0.777545409831	0.776796014324	0.727857212532	0.787483858459	0.733369406988	0.632750985582	0.0	0.734089052924	0.619972119986	0.660426817855	0.708711883379	0.679609589219	0.754311942926	0.752359114121	0.762859449435	0.788319928941	0.73739451366	0.775349158243	0.788711631162	0.758176317988	0.764458244234	0.76967539234	0.752096291404	0.75257903436	0.793208283026	0.777773784692	0.752985085093	0.773238029873	0.713099505992	0.793760249876	0.744757391674	0.794305027473	0.760605769992	0.741528678248	0.792741816688	0.742175210828	0.746921687292	0.647971536995	0.681963098035	0.704697780645	0.654162560088	0.698538123132	0.738247475117	0.648076602928	0.692770454382	0.720736513677	0.775899355778	0.73423759179	0.776473094256	0.724447221867	0.743928866245
PBW50	0.68164220313	0.729319793027	0.696736201436	0.710961110334	0.764513970042	0.730467015884	0.702475981402	0.736503637452	0.737770937792	0.742349110051	0.707217586007	0.725912431838	0.721083649317	0.649986950999	0.751382564089	0.734089052924	0.0	0.675748677636	0.599981266285	0.643587437846	0.701795558734	0.687332605083	0.655342174187	0.752741859386	0.708746851643	0.619293159322	0.705259282963	0.709846087042	0.690143032869	0.655792898241	0.67666892167	0.717949443775	0.685871724306	0.662766705541	0.712855165299	0.704165990878	0.710375290606	0.752905266728	0.727472430189	0.712280410095	0.683928530094	0.732694913782	0.698419046531	0.717607041066	0.706493126447	0.707658037011	0.655879407973	0.683947860145	0.689539939353	0.712810671199	0.659309281823	0.669332448395	0.70116590712	0.665001058579	0.651860185138	0.712179291047	0.661725064082	0.672341464547	0.678869659182	0.701708819442
PBW51	0.752302186949	0.730410215664	0.741904030589	0.747607743786	0.789087682039	0.763274755986	0.757962961585	0.725670510513	0.74858037226	0.792691276265	0.765797897408	0.714472004851	0.713887819776	0.647788828834	0.639009460752	0.619972119986	0.675748677636	0.0	0.63021376673	0.675491664646	0.693303044734	0.716102228563	0.704445153892	0.732941903923	0.674297833044	0.683973781797	0.719200480701	0.767075887811	0.693879394765	0.716289501171	0.731185107799	0.710464903145	0.72629388019	0.748537409833	0.736360582052	0.716956309456	0.766151832965	0.70522498314	0.772067682382	0.691476715012	0.701910320348	0.71177419427	0.722191044525	0.782566968624	0.691938595652	0.748570920815	0.693257410066	0.617674668043	0.653977835481	0.644439920678	0.668559420069	0.743035384373	0.690718165599	0.70584796324	0.717103961503	0.772709199302	0.737994806962	0.747986647959	0.707540609382	0.726124079587
PBW52	0.685300029434	0.685327510112	0.722762620338	0.731115937628	0.720045262577	0.74350674599	0.69919436193	0.736340156546	0.740232776932	0.749220771008	0.735850608046	0.72822012803	0.723749265035	0.605910584283	0.69467285328	0.660426817855	0.599981266285	0.63021376673	0.0	0.52401924726	0.649799345367	0.6853517128	0.675763684901	0.738396255447	0.735389166571	0.675186551508	0.69905532347	0.748132406334	0.696319014734	0.663587703233	0.722167948801	0.710817984567	0.714211511479	0.682738621034	0.738066371433	0.715671643029	0.729258160127	0.699320726243	0.71523615259	0.700876498802	0.722897836641	0.692813587383	0.715904835498	0.740278431707	0.68487516569	0.722150668385	0.670903741819	0.676208818616	0.649104534578	0.663927490993	0.647444469679	0.661401778986	0.713773483326	0.69613615424	0.663501455299	0.713209752918	0.700346744513	0.71627799913	0.676988370866	0.715080609938
PBW53	0.677214985556	0.713714322418	0.721366999579	0.729320101744	0.726394723043	0.744570384673	0.699059016868	0.736305387171	0.748333135135	0.744945810341	0.717415158686	0.68868401657	0.751398947291	0.645374928221	0.691333921206	0.708711883379	0.643587437846	0.675491664646	0.52401924726	0.0	0.577529520776	0.629467091992	0.677240289018	0.73239899904	0.721388260478	0.684080458557	0.689430959223	0.674725416481	0.697175397587	0.658893906692	0.703708492197	0.642351836238	0.676572929749	0.640199555769	0.71798777904	0.707630094406	0.704884904366	0.702788869075	0.698758851649	0.682184141143	0.717804274632	0.712922636623	0.696095396642	0.7197290496	0.729715389642	0.693067022287	0.667058615428	0.72475866395	0.636335312088	0.696750131393	0.684485371874	0.684184189877	0.692290706739	0.712770081001	0.677425672145	0.71766889582	0.631485518698	0.712961756627	0.66099149146	0.66630371437
PBW54	0.709051706885	0.718641357126	0.745498661392	0.721639419006	0.731653848309	0.724202652685	0.72243764534	0.711191667693	0.730912634383	0.733049598029	0.722685219633	0.665851331991	0.74849787627	0.664387631019	0.661074837171	0.679609589219	0.701795558734	0.693303044734	0.649799345367	0.577529520776	0.0	0.670521054827	0.726049405687	0.715629364784	0.752693288407	0.734286033299	0.689204473046	0.746594527876	0.751226252295	0.719744743931	0.722451915473	0.68284242641	0.71716450778	0.747752969866	0.738263125601	0.721504873397	0.697677273841	0.664857800338	0.726013844645	0.657864592927	0.72341082641	0.737388542311	0.683619279856	0.700644409416	0.695432952843	0.678577856639	0.66768885004	0.700844268368	0.661782770277	0.696228345365	0.710728013562	0.743561260578	0.674555361513	0.721591268686	0.711222697878	0.691334792545	0.688009610631	0.757610903591	0.638147450922	0.666845534524
PBW55	0.668310108176	0.780478477422	0.736637659923	0.755215018868	0.748090379679	0.747491899556	0.720336330362	0.763204519607	0.775140930028	0.744003325893	0.73497551309	0.734912909582	0.79117926505	0.688479625823	0.722019077154	0.754311942926	0.687332605083	0.716102228563	0.6853517128	0.629467091992	0.670521054827	0.0	0.694741363492	0.76373077051	0.748534038287	0.709550808868	0.675787522832	0.706781443828	0.713050017477	0.696564638728	0.71910315013	0.713579467185	0.67806281368	0.678198369297	0.730813264369	0.715805333206	0.757179626529	0.731395805774	0.715290610386	0.712223730975	0.692039606019	0.760771937368	0.736072798353	0.75784086444	0.743133692367	0.716074896998	0.715331388271	0.736461294598	0.693895047969	0.735763685832	0.741915582196	0.744413967398	0.73071937304	0.733823517782	0.720233544318	0.727180574408	0.703194493209	0.7145552353	0.69992934902	0.697259192486
PBW56	0.706366683215	0.739303636355	0.685406544817	0.716860250122	0.734467929806	0.765747633264	0.715858914725	0.721767932737	0.730897450135	0.727069156972	0.676764994111	0.717252063196	0.715986511543	0.674780715398	0.770213111361	0.752359114121	0.655342174187	0.704445153892	0.675763684901	0.677240289018	0.726049405687	0.694741363492	0.0	0.717572073358	0.703445249739	0.6401631078	0.591992116657	0.646688101692	0.655494229169	0.627358681755	0.679373492223	0.697915913683	0.626048234732	0.684152648993	0.745222318144	0.694821511011	0.71331616927	0.753861565479	0.722312679777	0.747985746184	0.705649761744	0.74346070195	0.71201223339	0.732038233359	0.685746760004	0.735500664061	0.703677810131	0.713932757747	0.684128533077	0.748377369456	0.719343343468	0.718863448722	0.718102488691	0.702045493019	0.689852839067	0.73183753352	0.685926225346	0.657204978701	0.72236517029	0.708740970548
PBW58	0.715165672042	0.652196813569	0.722062365671	0.718685810646	0.647700830294	0.685939108725	0.736419642155	0.706888222857	0.66106397427	0.710681662953	0.752368123167	0.506806829336	0.663710655644	0.637276484349	0.706606623798	0.762859449435	0.752741859386	0.732941903923	0.738396255447	0.73239899904	0.715629364784	0.76373077051	0.717572073358	0.0	0.674703496292	0.697294483959	0.718082070949	0.740277106706	0.713816352202	0.750434929543	0.730821023448	0.711987159289	0.760085625719	0.717570223662	0.709426723547	0.713098426345	0.706486299537	0.6873091715	0.693847161242	0.701584275638	0.761459225789	0.659308686931	0.685908957234	0.642496985178	0.679838773744	0.705006000975	0.751868732659	0.733008130788	0.696824245948	0.697026786351	0.755628218928	0.70447776263	0.652567044915	0.702103795613	0.733804089577	0.653832791766	0.728875685075	0.721778210071	0.695185640249	0.682794392356
PBW59	0.746766254678	0.698834897267	0.714302419161	0.688897143915	0.715472264746	0.719008305506	0.77017229355	0.756556032576	0.674590570345	0.78072745968	0.718745484715	0.690010968424	0.694153668385	0.646744118823	0.765644795378	0.788319928941	0.708746851643	0.674297833044	0.735389166571	0.721388260478	0.752693288407	0.748534038287	0.703445249739	0.674703496292	0.0	0.644355059517	0.709500152088	0.758255298969	0.707547415337	0.704055606009	0.69965552366	0.749232744143	0.712062211177	0.713917408159	0.738530969583	0.744145023959	0.735424660764	0.757547391926	0.772980442991	0.721343684334	0.677804447947	0.73026305706	0.726146195841	0.673348600978	0.673602034425	0.740444715132	0.75076481289	0.714431837654	0.702557242332	0.685728396219	0.726504823963	0.712475091538	0.73697410814	0.693839481854	0.717049445707	0.738096137395	0.743712310007	0.715091523366	0.70766772344	0.710098818029
PBW60	0.71508935854	0.736545705381	0.691382023229	0.705859820098	0.736039471282	0.696470287992	0.718406054702	0.72219965796	0.722988267695	0.743787165574	0.704177490994	0.721685689201	0.728732781461	0.649088898304	0.746434284348	0.73739451366	0.619293159322	0.683973781797	0.675186551508	0.684080458557	0.734286033299	0.709550808868	0.6401631078	0.697294483959	0.644355059517	0.0	0.669678018695	0.726421737346	0.684111117585	0.657276128251	0.647173607435	0.730101212702	0.708597517891	0.707467391802	0.716088050973	0.691954158051	0.714263014221	0.723300219626	0.738338230087	0.723673732894	0.663967919282	0.693151517501	0.705419200467	0.727657991542	0.683403391569	0.710504921316	0.693085097915	0.726047081267	0.693357263184	0.734807712106	0.713605230415	0.682346132449	0.721967986711	0.742234492448	0.69764364002	0.766543608063	0.687895466616	0.69317843108	0.713399699996	0.730706261129
PEP16	0.69046987297	0.757040671535	0.700788979828	0.731846990107	0.723552552468	0.743948560441	0.700887859379	0.724086550243	0.751739348915	0.716600804204	0.691051089733	0.71764039976	0.741529372668	0.671835182214	0.758032154152	0.775349158243	0.705259282963	0.719200480701	0.69905532347	0.689430959223	0.689204473046	0.675787522832	0.591992116657	0.718082070949	0.709500152088	0.669678018695	0.0	0.669489989264	0.697435811459	0.630694888931	0.671115762344	0.679828966454	0.609690406406	0.71823884136	0.688447586786	0.687026956975	0.714473321178	0.739586459793	0.717073671828	0.724469831585	0.671839071567	0.719162100001	0.721837975338	0.763945229309	0.659132552209	0.709228269605	0.717935699875	0.745909112553	0.716455024519	0.734184430425	0.714508828759	0.749351103425	0.74606009016	0.749647627651	0.688165489343	0.699838362021	0.684758651765	0.659015208084	0.727184832404	0.681830869507
PEP18	0.712012677235	0.766549842537	0.740025067016	0.748722261733	0.766437293667	0.769139400758	0.737271078192	0.786671227883	0.765811339536	0.730522944656	0.714976346455	0.735570669898	0.748383311695	0.750742065233	0.78087128637	0.788711631162	0.709846087042	0.767075887811	0.748132406334	0.674725416481	0.746594527876	0.706781443828	0.646688101692	0.740277106706	0.758255298969	0.726421737346	0.669489989264	0.0	0.689951937122	0.678581470488	0.699496136212	0.643584933547	0.630787353202	0.66476363106	0.704310401381	0.697545754601	0.747190336824	0.76927379341	0.748206623118	0.778721423536	0.761051214463	0.763355264822	0.752193040521	0.763347542426	0.776233535261	0.729716701408	0.729876781702	0.781603695028	0.756984772042	0.787778658388	0.723225021988	0.722036320392	0.735566662307	0.733566575979	0.710605459548	0.698110838501	0.664469213802	0.636177354536	0.717582488166	0.741505961579
PEP21	0.700901352711	0.760526632893	0.695984833528	0.69046016743	0.762987310492	0.73370117348	0.736608969662	0.720509463376	0.717419939974	0.735942174659	0.704166152679	0.743239084975	0.706655915643	0.666576031578	0.717028883917	0.758176317988	0.690143032869	0.693879394765	0.696319014734	0.697175397587	0.751226252295	0.713050017477	0.655494229169	0.713816352202	0.707547415337	0.684111117585	0.697435811459	0.689951937122	0.0	0.647331896878	0.622710714151	0.694107679492	0.627403448662	0.673628188675	0.692725426551	0.666234801084	0.753299690913	0.724518683097	0.730346057707	0.719691493481	0.713337818746	0.716281087573	0.69906160756	0.774863248482	0.674568215937	0.717635882032	0.702638721179	0.726813350748	0.690330064443	0.707103910705	0.735205382046	0.713720842945	0.748684231654	0.710328030262	0.712081071156	0.721422962122	0.691583309038	0.699420721813	0.725950529082	0.739821628445
PEP23	0.696928920998	0.749385219732	0.695918525312	0.710295658115	0.716591384289	0.747178566049	0.710976331985	0.678823199843	0.727553671583	0.71883522426	0.701632951476	0.733262498029	0.722833866908	0.705825745524	0.760337195906	0.764458244234	0.655792898241	0.716289501171	0.663587703233	0.658893906692	0.719744743931	0.696564638728	0.627358681755	0.750434929543	0.704055606009	0.657276128251	0.630694888931	0.678581470488	0.647331896878	0.0	0.612553163742	0.674396360305	0.642361549571	0.669303874444	0.696093691357	0.634956237045	0.709198829514	0.730366539708	0.722080709475	0.728871914004	0.653785204957	0.715712214028	0.729191731314	0.718302932983	0.670290761162	0.710542237358	0.731969541999	0.715778884113	0.693919886487	0.738480722153	0.712791971125	0.713615388684	0.749950016908	0.724662981996	0.702140220229	0.719715718995	0.667887146183	0.644927922749	0.719257676161	0.726226657199
PEP24	0.715647470734	0.746342849084	0.70772780828	0.711351754492	0.762659767715	0.700317912417	0.737783961081	0.720915545219	0.714078387442	0.693333364589	0.699175000574	0.708940698074	0.70358357442	0.699513688864	0.740325192719	0.76967539234	0.67666892167	0.731185107799	0.722167948801	0.703708492197	0.722451915473	0.71910315013	0.679373492223	0.730821023448	0.69965552366	0.647173607435	0.671115762344	0.699496136212	0.622710714151	0.612553163742	0.0	0.68021749554	0.643572617868	0.689903289336	0.65991553883	0.678404572355	0.732853294658	0.726631274115	0.730038719252	0.726782852514	0.686617700529	0.699306493886	0.697144039407	0.727014944406	0.668753970378	0.711871332978	0.728268123839	0.72881160685	0.695053817485	0.745994416394	0.720082403979	0.704939179377	0.736005449065	0.740508856359	0.703827643471	0.706157685132	0.660394474451	0.676201039641	0.718624890123	0.729415945152
PEP26	0.688571449793	0.67499711514	0.708872982103	0.712280821657	0.719133659584	0.761722146477	0.702329983998	0.700301516049	0.717396862241	0.689261655796	0.706978434033	0.693722226273	0.692782028124	0.720796240301	0.733983205137	0.752096291404	0.717949443775	0.710464903145	0.710817984567	0.642351836238	0.68284242641	0.713579467185	0.697915913683	0.711987159289	0.749232744143	0.730101212702	0.679828966454	0.643584933547	0.694107679492	0.674396360305	0.68021749554	0.0	0.612506074669	0.668286264	0.656749689497	0.694900065488	0.701353370591	0.719212259473	0.70519291174	0.708964834817	0.739031467711	0.706877388821	0.695830593628	0.729006295471	0.706814582174	0.710913595304	0.71953605582	0.741143525092	0.717434520372	0.728687419645	0.720213723197	0.724692079264	0.699730020415	0.717919215291	0.667345795699	0.666311023478	0.650369217338	0.671246787844	0.656480572793	0.653136560925
PEP27	0.717510182973	0.738087764989	0.684313343025	0.679903646392	0.740030803546	0.752480075759	0.708770614065	0.721505329992	0.717616719028	0.717342210847	0.676259429154	0.720958895175	0.727557062619	0.706972363945	0.740897466445	0.75257903436	0.685871724306	0.72629388019	0.714211511479	0.676572929749	0.71716450778	0.67806281368	0.626048234732	0.760085625719	0.712062211177	0.708597517891	0.609690406406	0.630787353202	0.627403448662	0.642361549571	0.643572617868	0.612506074669	0.0	0.680421733923	0.666336636441	0.653103170809	0.713743017838	0.748465391967	0.706389344691	0.730214961282	0.681876377695	0.729315253659	0.713376537722	0.718604851074	0.697571868728	0.711950538325	0.708980368974	0.736413328949	0.702322466788	0.72821182691	0.706438778632	0.717027366248	0.758733642524	0.690780846564	0.650040977628	0.678973220883	0.64354098611	0.620903470933	0.70947541462	0.682852084991
PEP28	0.681317301681	0.711063856734	0.730871082671	0.71694945725	0.709934920676	0.733196428962	0.690734639753	0.727561741879	0.720023599127	0.721423991821	0.69709470513	0.709766430335	0.7138086749	0.697494755463	0.710476975234	0.793208283026	0.662766705541	0.748537409833	0.682738621034	0.640199555769	0.747752969866	0.678198369297	0.684152648993	0.717570223662	0.713917408159	0.707467391802	0.71823884136	0.66476363106	0.673628188675	0.669303874444	0.689903289336	0.668286264	0.680421733923	0.0	0.67161543951	0.677469224585	0.718478098613	0.731536539671	0.706657121534	0.729855192317	0.699483637069	0.733125580006	0.706259746308	0.706933323081	0.707739309355	0.723112914367	0.714826329927	0.733332146438	0.669236521475	0.722715901858	0.725401665506	0.67398074419	0.743442405117	0.66318203208	0.722130805812	0.696649831905	0.668774152574	0.676144167434	0.686196991435	0.690753310703
PEP29	0.727166266173	0.74481174021	0.73495458723	0.765817709307	0.733315978572	0.758774277745	0.706748521928	0.750512391035	0.734642827399	0.723780017815	0.73026270463	0.683496208719	0.710350865558	0.68548528011	0.726298492445	0.777773784692	0.712855165299	0.736360582052	0.738066371433	0.71798777904	0.738263125601	0.730813264369	0.745222318144	0.709426723547	0.738530969583	0.716088050973	0.688447586786	0.704310401381	0.692725426551	0.696093691357	0.65991553883	0.656749689497	0.666336636441	0.67161543951	0.0	0.664285650148	0.738687474185	0.735399338466	0.738655511309	0.729371175587	0.707257833713	0.732167884819	0.71235338948	0.735579710836	0.750639617974	0.707443063271	0.733770470132	0.730639485604	0.732415334462	0.723379117861	0.707562464385	0.729264978135	0.727305719457	0.701735916249	0.716073160253	0.686639397503	0.706536894882	0.699973495948	0.756160526799	0.659176172884
PEP30	0.688995545218	0.772851969335	0.65787591154	0.695168165563	0.756023074552	0.762367061719	0.707957481335	0.716964304181	0.756505529932	0.692890350633	0.662256612707	0.740089493877	0.755456318471	0.722293955221	0.752323070067	0.752985085093	0.704165990878	0.716956309456	0.715671643029	0.707630094406	0.721504873397	0.715805333206	0.694821511011	0.713098426345	0.744145023959	0.691954158051	0.687026956975	0.697545754601	0.666234801084	0.634956237045	0.678404572355	0.694900065488	0.653103170809	0.677469224585	0.664285650148	0.0	0.737183461293	0.719114983286	0.679162152087	0.741363500748	0.7288037589	0.675874696638	0.734088486707	0.740095583063	0.684369888044	0.691553039539	0.684519470463	0.742789425642	0.724695624557	0.735152722651	0.738316765813	0.735853630156	0.761026137205	0.736746955331	0.711346455963	0.729137093816	0.703882640676	0.696547273957	0.736958980221	0.712713426471
PIS1	0.675412535896	0.672839015558	0.679835163546	0.680430887772	0.687378546955	0.670487787643	0.657555461739	0.662219343871	0.681502067432	0.657480374964	0.662096720574	0.658478390329	0.703584120365	0.750621704618	0.711769362208	0.773238029873	0.710375290606	0.766151832965	0.729258160127	0.704884904366	0.697677273841	0.757179626529	0.71331616927	0.706486299537	0.735424660764	0.714263014221	0.714473321178	0.747190336824	0.753299690913	0.709198829514	0.732853294658	0.701353370591	0.713743017838	0.718478098613	0.738687474185	0.737183461293	0.0	0.671012362645	0.67257431548	0.674541502348	0.68372170447	0.690041523018	0.61120945472	0.649386211359	0.647643949052	0.650521179633	0.725613264854	0.695967948575	0.755826234197	0.726086924502	0.744922420474	0.710208950645	0.709483932019	0.725345589801	0.688264372367	0.707871819807	0.722313280434	0.725139500817	0.644124900594	0.709254746928
PIS2	0.68415533971	0.729246419059	0.724879232197	0.709875819607	0.735007258859	0.677173727574	0.703280953198	0.680337235924	0.726595131358	0.702292364439	0.725759496199	0.675443506986	0.722048453449	0.728379484309	0.635859884744	0.713099505992	0.752905266728	0.70522498314	0.699320726243	0.702788869075	0.664857800338	0.731395805774	0.753861565479	0.6873091715	0.757547391926	0.723300219626	0.739586459793	0.76927379341	0.724518683097	0.730366539708	0.726631274115	0.719212259473	0.748465391967	0.731536539671	0.735399338466	0.719114983286	0.671012362645	0.0	0.713567040032	0.638887714553	0.709442668141	0.706211865797	0.67832397919	0.700439019421	0.698026450704	0.653275864483	0.710936099928	0.701924183891	0.721182052545	0.707742955357	0.725828501159	0.736058138569	0.703936218587	0.733843077223	0.719422885444	0.738074248162	0.73245309851	0.799901059814	0.668197496039	0.701795887689
PIS4	0.627884646603	0.74148211477	0.678743380776	0.642561086794	0.717393533444	0.741513956172	0.649800611784	0.690477415879	0.727608687536	0.640854246957	0.65792595763	0.738793968178	0.727734978005	0.740819036065	0.732778649711	0.793760249876	0.727472430189	0.772067682382	0.71523615259	0.698758851649	0.726013844645	0.715290610386	0.722312679777	0.693847161242	0.772980442991	0.738338230087	0.717073671828	0.748206623118	0.730346057707	0.722080709475	0.730038719252	0.70519291174	0.706389344691	0.706657121534	0.738655511309	0.679162152087	0.67257431548	0.713567040032	0.0	0.686093787654	0.726226020206	0.639509043672	0.665891717716	0.688350219738	0.652038275991	0.633795558358	0.696411646408	0.746929950581	0.740640894267	0.7622415332	0.764891016812	0.676800513064	0.735618215101	0.745190267553	0.703583421342	0.656718763313	0.685024863383	0.724709493554	0.698947670423	0.692134133251
PIS5	0.694950319856	0.731968504736	0.713628802884	0.711462567824	0.69594633884	0.695973461683	0.701275346874	0.69593931739	0.699903618426	0.718425279115	0.724901142277	0.680110667841	0.738960023975	0.648890175408	0.618654721522	0.744757391674	0.712280410095	0.691476715012	0.700876498802	0.682184141143	0.657864592927	0.712223730975	0.747985746184	0.701584275638	0.721343684334	0.723673732894	0.724469831585	0.778721423536	0.719691493481	0.728871914004	0.726782852514	0.708964834817	0.730214961282	0.729855192317	0.729371175587	0.741363500748	0.674541502348	0.638887714553	0.686093787654	0.0	0.696050360531	0.664009736115	0.604090991486	0.679903167541	0.665988480717	0.600296457682	0.695635901111	0.662709872884	0.680575510432	0.682875894002	0.684262561388	0.712187314914	0.673698006206	0.71058537695	0.668759328043	0.704772765014	0.699406613269	0.760956148848	0.616379275484	0.668132048413
PIS7	0.741663210154	0.693940149976	0.701009731752	0.674344062384	0.70521984409	0.698251009738	0.706849873791	0.681199353798	0.632725765051	0.754938300104	0.686376001763	0.730773450032	0.715805605816	0.717881419593	0.734106988752	0.794305027473	0.683928530094	0.701910320348	0.722897836641	0.717804274632	0.72341082641	0.692039606019	0.705649761744	0.761459225789	0.677804447947	0.663967919282	0.671839071567	0.761051214463	0.713337818746	0.653785204957	0.686617700529	0.739031467711	0.681876377695	0.699483637069	0.707257833713	0.7288037589	0.68372170447	0.709442668141	0.726226020206	0.696050360531	0.0	0.708978101227	0.680990152309	0.705168155678	0.662304039332	0.700319663716	0.730908072401	0.715060841715	0.721821723365	0.754982821534	0.684946589121	0.727588297036	0.759413283749	0.712846543926	0.696549112566	0.729532096732	0.718232156452	0.712170983417	0.692557464449	0.716908143788
PIS9	0.633939780705	0.707449609186	0.617271573079	0.67295072462	0.733899174618	0.719200445026	0.619501184361	0.645928907705	0.664022093142	0.659850441811	0.630822198839	0.69318514566	0.694024179814	0.71179467178	0.722261617065	0.760605769992	0.732694913782	0.71177419427	0.692813587383	0.712922636623	0.737388542311	0.760771937368	0.74346070195	0.659308686931	0.73026305706	0.693151517501	0.719162100001	0.763355264822	0.716281087573	0.715712214028	0.699306493886	0.706877388821	0.729315253659	0.733125580006	0.732167884819	0.675874696638	0.690041523018	0.706211865797	0.639509043672	0.664009736115	0.708978101227	0.0	0.633670225716	0.65283750122	0.65888077037	0.575045659651	0.665228058595	0.705265705973	0.675088615113	0.717950289972	0.715958757972	0.685473588563	0.677633508584	0.757282059032	0.67774398183	0.667600637438	0.726102869032	0.730918535466	0.689214890975	0.727449556695
PIS10	0.685176267972	0.711381823312	0.705395815997	0.69312329392	0.722916069916	0.663208762395	0.669346972843	0.685605707421	0.685434126341	0.671050449202	0.709681706647	0.664636817974	0.720910202144	0.711135950817	0.681446432142	0.741528678248	0.698419046531	0.722191044525	0.715904835498	0.696095396642	0.683619279856	0.736072798353	0.71201223339	0.685908957234	0.726146195841	0.705419200467	0.721837975338	0.752193040521	0.69906160756	0.729191731314	0.697144039407	0.695830593628	0.713376537722	0.706259746308	0.71235338948	0.734088486707	0.61120945472	0.67832397919	0.665891717716	0.604090991486	0.680990152309	0.633670225716	0.0	0.67234784486	0.609083781558	0.628324086942	0.728793803474	0.674485693797	0.703238735146	0.711700248007	0.730782053294	0.714365061249	0.682785718347	0.722539956674	0.703363273057	0.667480715756	0.686567535852	0.766845063466	0.655369950551	0.71752952421
PIS11	0.680884325921	0.667697975037	0.694774122334	0.647180655312	0.616236392723	0.649851206454	0.72633287821	0.651080849645	0.63303745205	0.682176947777	0.681089430642	0.636778945301	0.69944244305	0.700083157372	0.752695029135	0.792741816688	0.717607041066	0.782566968624	0.740278431707	0.7197290496	0.700644409416	0.75784086444	0.732038233359	0.642496985178	0.673348600978	0.727657991542	0.763945229309	0.763347542426	0.774863248482	0.718302932983	0.727014944406	0.729006295471	0.718604851074	0.706933323081	0.735579710836	0.740095583063	0.649386211359	0.700439019421	0.688350219738	0.679903167541	0.705168155678	0.65283750122	0.67234784486	0.0	0.691731313238	0.661474757544	0.744625809358	0.733518229556	0.70860220393	0.70093293845	0.739636915269	0.672777095506	0.695274294951	0.676273159888	0.659634001037	0.657552956794	0.724786366632	0.71633487171	0.6995814104	0.681871689442
