	PAM31	PAM32	PAM33	PAM35	PAM36	PAM37	PAM39	PAM40	PAM41	PAM42	PAM43	PAM44	PAM45	PBW46	PBW47	PBW49	PBW50	PBW51	PBW52	PBW53	PBW54	PBW55	PBW56	PBW58	PBW59	PBW60	PEP16	PEP18	PEP21	PEP23	PEP24	PEP26	PEP27	PEP28	PEP29	PEP30	PIS1	PIS2	PIS4	PIS5	PIS7	PIS9	PIS10	PIS11	PIS14	PIS15	PLL76	PLL77	PLL79	PLL80	PLL83	PLL88	PLL89	PLL90	PPO64	PPO66	PPO67	PPO69	PPO72	PPO75
PAM31	0.0	0.623416824774	0.651339951227	0.701336749187	0.691382192533	0.682049342394	0.616689817976	0.655807489109	0.683321894812	0.613958858467	0.716893492325	0.647678414944	0.651787569723	0.704282368336	0.728734461367	0.711870873272	0.711308940765	0.705581796951	0.723666009002	0.651414568851	0.730410495793	0.73701216599	0.751309563603	0.67838345752	0.682646560832	0.672717127872	0.770791369386	0.759050787465	0.672392120225	0.720595630358	0.740013003537	0.704670782106	0.7155098502	0.735464495551	0.6852037693	0.750306477386	0.668418391535	0.704375682678	0.716765348162	0.69977824633	0.659455488995	0.715804462323	0.665539685	0.709615302173	0.701949405771	0.650496647961	0.701603205338	0.743669675842	0.596275844046	0.634238653439	0.776294005497	0.740197126236	0.719053583618	0.722091804336	0.645154126098	0.64767589507	0.702998413036	0.681837352214	0.721448527351	0.638797063205
PAM32	0.623416824774	0.0	0.704966154266	0.688921356781	0.709337249935	0.696607282654	0.594525112827	0.68207218119	0.618233138395	0.622420895251	0.707998492573	0.62195362697	0.688470632011	0.771676204576	0.764632592073	0.750993980988	0.749236407059	0.766855935373	0.743175994469	0.73901546854	0.75584358372	0.698843348102	0.792058962183	0.715281292657	0.754400787936	0.744820119429	0.779231558866	0.74385203192	0.762709961838	0.750426355029	0.78279074257	0.631247860935	0.734941956228	0.756871367628	0.735618938489	0.777676566838	0.712416160075	0.713869288865	0.73365724424	0.70744202732	0.669932784089	0.702080908533	0.648746694669	0.749061624274	0.73894645467	0.74622935826	0.722994877538	0.728653104049	0.708606704483	0.706300958484	0.739285380821	0.740921395778	0.677583927275	0.753636148991	0.644343323586	0.718385309161	0.750841692145	0.729220906271	0.693336432682	0.690614660526
PAM33	0.651339951227	0.704966154266	0.0	0.683764952582	0.663327128774	0.601470721032	0.628482357854	0.62998224938	0.693996926195	0.655078632438	0.616749189912	0.725034056953	0.682170530585	0.748810164784	0.757184290832	0.740889755472	0.756626733867	0.737478827687	0.706686219734	0.761210285391	0.703276028831	0.766465097715	0.719356951662	0.75059844151	0.762527937596	0.696634880515	0.73177967309	0.775607156128	0.749072672895	0.753996717411	0.712287877852	0.741845055465	0.71167304746	0.736241086079	0.738238982176	0.747753536554	0.677942119127	0.687909287153	0.715569966459	0.701899921928	0.727359809277	0.689043194666	0.697224690754	0.711974676861	0.641381215424	0.730887037707	0.774190643773	0.676593329	0.755696968744	0.746003432916	0.728629562297	0.686919551307	0.729965322859	0.760607352155	0.690844797597	0.73219174753	0.732332298455	0.737114389591	0.701054815587	0.69922433763
PAM35	0.701336749187	0.688921356781	0.683764952582	0.0	0.677744166918	0.697072209634	0.65601038507	0.651702261089	0.64782100363	0.653585132376	0.66748691	0.724199238542	0.700809468767	0.738895240623	0.739026689836	0.760217016073	0.772269453949	0.785662546246	0.740037137149	0.760544943296	0.732017925339	0.763799497941	0.75601220634	0.701591536193	0.76396163304	0.730091239562	0.766557067343	0.761453630491	0.762504333654	0.738742729218	0.757717281935	0.714401833236	0.764825145196	0.745899001073	0.720687436279	0.726090588864	0.669460599744	0.680901970758	0.647824328044	0.746723529487	0.732977618296	0.642070296623	0.671592179494	0.639624842158	0.674382583031	0.728933804843	0.757690043191	0.746508345045	0.748911801043	0.745488594478	0.739969983886	0.70530356908	0.755075237239	0.718781320919	0.708010666426	0.733549612471	0.754252982817	0.724755544906	0.664205551776	0.747894067002
PAM36	0.691382192533	0.709337249935	0.663327128774	0.677744166918	0.0	0.648507333388	0.661271184418	0.636578885941	0.671393493665	0.648246775239	0.646516768013	0.729955118648	0.681394202907	0.734029204566	0.73044876884	0.756397588669	0.742185286076	0.766089723437	0.723307096198	0.765593369612	0.689028880108	0.759428101884	0.718461801736	0.747604321378	0.753362638772	0.71362965638	0.728206474812	0.782780659945	0.750807987327	0.743714183357	0.732714229392	0.730606793897	0.755189684933	0.724088590715	0.741462796292	0.734073589407	0.684231981208	0.708442310689	0.692171928693	0.706663909355	0.730972531411	0.715544176863	0.685352521609	0.689334880458	0.691242316322	0.714452451587	0.751224380043	0.688733340871	0.736747299796	0.724704251284	0.73783110276	0.708754077902	0.739792263595	0.746523637339	0.723942721626	0.717952620771	0.731589975297	0.723190629862	0.690259323323	0.719730067159
PAM37	0.682049342394	0.696607282654	0.601470721032	0.697072209634	0.648507333388	0.0	0.62248544917	0.639262128972	0.702619736409	0.667021869865	0.638712969405	0.754582064544	0.702100662274	0.705708523183	0.738194335814	0.744299822952	0.767791503338	0.717513512104	0.716783865049	0.7602394702	0.714189887631	0.750143695514	0.726918917762	0.780157777445	0.743611301603	0.7132174629	0.740182358548	0.820635193884	0.74691257488	0.747710094564	0.726637088993	0.770910751803	0.751567185153	0.74948346644	0.723184734723	0.740604555584	0.700283450534	0.719454983865	0.722075482231	0.687574253311	0.740717145289	0.674708463171	0.659298329106	0.709467741211	0.681995574235	0.697134193539	0.761869305977	0.656290043594	0.760858380564	0.750982721545	0.750504662078	0.699285956985	0.742307871328	0.754105776291	0.727910653694	0.735703645676	0.749724878641	0.780865755593	0.74161320822	0.72021051041
PAM39	0.616689817976	0.594525112827	0.628482357854	0.65601038507	0.661271184418	0.62248544917	0.0	0.565031169397	0.634002251646	0.538374492396	0.630118511022	0.670423909368	0.704505740764	0.746294376912	0.751016047446	0.747049057819	0.722808653537	0.747724663349	0.740923670865	0.758148068472	0.72011251678	0.709560152022	0.731342001928	0.736667915939	0.717733793736	0.696126051959	0.716937989192	0.757207969118	0.73756052158	0.751037381745	0.732253941499	0.69222455377	0.672492249081	0.71242038214	0.709676472097	0.742594951685	0.698333923469	0.718304716609	0.694732390333	0.672800695744	0.640540978463	0.673208093845	0.674060239247	0.721198391866	0.6354833526	0.722475570585	0.693952059037	0.673432900408	0.706942807256	0.677936222943	0.718176049252	0.67868301573	0.715278294206	0.711264304535	0.646333713018	0.732074666132	0.699642825756	0.72783655203	0.712215125148	0.631570890818
PAM40	0.655807489109	0.68207218119	0.62998224938	0.651702261089	0.636578885941	0.639262128972	0.565031169397	0.0	0.623159661789	0.582745336201	0.620023824653	0.697802672455	0.668849158931	0.722624481706	0.737444879553	0.745889984416	0.759409365869	0.741761089425	0.696438630987	0.751593688979	0.67621542532	0.754090833237	0.716210247042	0.714416018652	0.735850223356	0.692093795074	0.710631021261	0.769755445941	0.738056415575	0.745961289018	0.727148732167	0.720856094904	0.705904086597	0.701790710251	0.709333592373	0.756362320321	0.659548800532	0.650957779389	0.683758149915	0.704580145545	0.710767022101	0.660526135147	0.66859497486	0.683368798806	0.619214036612	0.737305342898	0.744262737628	0.671891422232	0.767303632052	0.742230827664	0.715892408789	0.671040941204	0.739986141162	0.714995706266	0.659071623368	0.71002153988	0.711942499912	0.737524676044	0.684279685984	0.690742162679
PAM41	0.683321894812	0.618233138395	0.693996926195	0.64782100363	0.671393493665	0.702619736409	0.634002251646	0.623159661789	0.0	0.672399809187	0.66466457169	0.695508473939	0.666045173345	0.784288137116	0.769913852656	0.761517935997	0.771538224595	0.78413854454	0.727452491888	0.775682661189	0.755922431071	0.762197667698	0.753796951332	0.726857096165	0.76447411191	0.759624311588	0.754747601967	0.747948929533	0.778115045603	0.770550992253	0.786645640151	0.69232904366	0.747233704774	0.772458381733	0.743220370436	0.746195296372	0.66472649431	0.700293674808	0.68444973366	0.764684097117	0.735254877402	0.699576907096	0.676024654674	0.705789496619	0.705505926224	0.751404138264	0.77383628217	0.746180338514	0.783492226377	0.789099030654	0.773046221894	0.760430614146	0.735105145567	0.739254847903	0.711642362415	0.716577733633	0.777230532227	0.706733425896	0.71423168728	0.752962658479
PAM42	0.613958858467	0.622420895251	0.655078632438	0.653585132376	0.648246775239	0.667021869865	0.538374492396	0.582745336201	0.672399809187	0.0	0.643735376216	0.654456839287	0.718292223618	0.754190361381	0.75582999417	0.747191109282	0.742042980886	0.766904241951	0.742711017484	0.761929621104	0.723038790645	0.724545377815	0.714789660111	0.704867314862	0.751590601557	0.696863587023	0.741963759603	0.744078927091	0.739476140564	0.751189222953	0.71710043937	0.674893642329	0.694112605259	0.680772896295	0.710564188537	0.730055549657	0.683582784399	0.719118384239	0.673744217913	0.687608488465	0.668402832538	0.705283476254	0.621508906734	0.700945253821	0.672031950612	0.722224687808	0.703097210568	0.684516855363	0.678677294387	0.682189002622	0.731481058672	0.667904728183	0.729361781712	0.741707290309	0.63052012222	0.745475651671	0.703859172396	0.733189796004	0.710703356041	0.661774830805
PAM43	0.716893492325	0.707998492573	0.616749189912	0.66748691	0.646516768013	0.638712969405	0.630118511022	0.620023824653	0.66466457169	0.643735376216	0.0	0.741019375923	0.671370802331	0.759388455165	0.764925100242	0.788749813205	0.718398093749	0.746720005298	0.730808471293	0.795577122873	0.741743737331	0.741345902194	0.718656315162	0.727982623545	0.721855889418	0.707145785247	0.711121498787	0.763059775679	0.742498427826	0.764433443373	0.725001343874	0.724654427389	0.70100103078	0.704119688045	0.740337736145	0.728100359544	0.686856854621	0.717082901683	0.71098254346	0.704413930786	0.737301324751	0.751018242788	0.654671418579	0.722085656629	0.64055635173	0.733571432388	0.734711195454	0.686796104292	0.751866762581	0.735113383497	0.732382050715	0.682252220096	0.747507553198	0.708567687664	0.71891645312	0.71634333626	0.696165146351	0.709725063956	0.668567250861	0.699538802899
PAM44	0.647678414944	0.62195362697	0.725034056953	0.724199238542	0.729955118648	0.754582064544	0.670423909368	0.697802672455	0.695508473939	0.654456839287	0.741019375923	0.0	0.703332635518	0.768375076669	0.699137153352	0.727709025334	0.749760861036	0.761152174554	0.730417669825	0.696441467782	0.710019173335	0.679432861887	0.708370360497	0.571604279113	0.745395939956	0.686008908864	0.743633602184	0.697510855889	0.728362963362	0.737576334849	0.737992624388	0.667797933699	0.726874386416	0.736884723247	0.692246765516	0.753866152528	0.700506478583	0.662824170561	0.720014143353	0.738457765497	0.66336950083	0.68137019071	0.659377784209	0.710230173426	0.692784349641	0.686797143303	0.707199208907	0.750674225222	0.681481485562	0.700186550547	0.746322226773	0.706842668946	0.687239677272	0.746813605828	0.651295118358	0.754676585218	0.740265198223	0.711879490913	0.688188201169	0.678564092756
PAM45	0.651787569723	0.688470632011	0.682170530585	0.700809468767	0.681394202907	0.702100662274	0.704505740764	0.668849158931	0.666045173345	0.718292223618	0.671370802331	0.703332635518	0.0	0.684227222524	0.765145118859	0.740731763041	0.713027823199	0.710780008404	0.736594111722	0.721380752437	0.748511123958	0.760146984086	0.772097678755	0.676574198342	0.702825516734	0.690431003893	0.772737955926	0.776135916755	0.76385892882	0.77362764409	0.776684050432	0.728950320579	0.760210212617	0.773517430191	0.745979199083	0.775814760987	0.701680659213	0.725179175002	0.710454118738	0.727411546973	0.745598831085	0.715559057566	0.71448561245	0.731940253917	0.711898793859	0.695405910099	0.77713841122	0.725892449019	0.705022511967	0.711344187779	0.760732839903	0.726079300515	0.696571080713	0.703956290432	0.700409939349	0.655638314889	0.719228207938	0.675318384904	0.707577120532	0.660487556185
PBW46	0.704282368336	0.771676204576	0.748810164784	0.738895240623	0.734029204566	0.705708523183	0.746294376912	0.722624481706	0.784288137116	0.754190361381	0.759388455165	0.768375076669	0.684227222524	0.0	0.674103293148	0.679966264007	0.675848265929	0.621649908404	0.640006343748	0.648821255797	0.632465387648	0.754764706553	0.699291644878	0.716674121073	0.659542524677	0.651914551168	0.716810346644	0.793094003691	0.695184320218	0.725621310224	0.716687329382	0.755199471586	0.721704780452	0.764050263683	0.698328751314	0.721557913547	0.753782599902	0.746234598507	0.759525970452	0.712541868207	0.758467340048	0.715823261473	0.733809327925	0.744677189536	0.732040313179	0.682666498385	0.729796397277	0.638537973622	0.678243347472	0.647122591308	0.650488102825	0.704983705825	0.713111794664	0.698276186685	0.730404922049	0.674900383878	0.702523428892	0.726232911178	0.717351817339	0.705366446978
PBW47	0.728734461367	0.764632592073	0.757184290832	0.739026689836	0.73044876884	0.738194335814	0.751016047446	0.737444879553	0.769913852656	0.75582999417	0.764925100242	0.699137153352	0.765145118859	0.674103293148	0.0	0.613152430703	0.750379577671	0.65764291233	0.683500686068	0.671904560343	0.620442960892	0.7262709292	0.716540027306	0.718432721044	0.749179955363	0.722877218263	0.748006369821	0.77630453106	0.7537159679	0.72380984674	0.737877059644	0.743458595288	0.745777026807	0.737168704657	0.673440399443	0.732035255425	0.739415943778	0.663598681826	0.722393482631	0.696025232867	0.714643679712	0.696760487465	0.721739792692	0.719758458101	0.755207365678	0.724089763955	0.697457221488	0.684393825763	0.709335826944	0.735308816948	0.674749877744	0.711922521066	0.674015274445	0.720698539602	0.744076262154	0.726316182645	0.71442405383	0.780512359488	0.681170263579	0.752424721597
PBW49	0.711870873272	0.750993980988	0.740889755472	0.760217016073	0.756397588669	0.744299822952	0.747049057819	0.745889984416	0.761517935997	0.747191109282	0.788749813205	0.727709025334	0.740731763041	0.679966264007	0.613152430703	0.0	0.724405331174	0.639351835571	0.6321756529	0.642633645199	0.616470801499	0.712881965015	0.701159998029	0.755680692836	0.765411780166	0.742212919148	0.724032812831	0.74449484696	0.739422518787	0.728446834511	0.74468240454	0.717968282178	0.706320087708	0.736126461118	0.657603098711	0.681724863845	0.752262967098	0.651998485688	0.692088723445	0.713873034964	0.73044691534	0.690396884289	0.766864600719	0.749525319134	0.75637988449	0.746180015915	0.715795208075	0.663431740385	0.680512654063	0.699254373177	0.690432404356	0.689799302778	0.635300833552	0.697263024431	0.721674475132	0.665108965784	0.720823387104	0.746153676114	0.694803367532	0.742488674471
PBW50	0.711308940765	0.749236407059	0.756626733867	0.772269453949	0.742185286076	0.767791503338	0.722808653537	0.759409365869	0.771538224595	0.742042980886	0.718398093749	0.749760861036	0.713027823199	0.675848265929	0.750379577671	0.724405331174	0.0	0.674862088314	0.681158781748	0.647563762235	0.692052488288	0.685374119761	0.727476596855	0.709473852654	0.668727387447	0.680366706954	0.719136677688	0.738984765774	0.70847826731	0.685769294462	0.718561985293	0.720235745279	0.703224352485	0.718516951061	0.713250327182	0.741433035351	0.736493002968	0.767727376953	0.740935992938	0.704383650389	0.721963963729	0.766993285811	0.74245560163	0.741027698804	0.717011832352	0.651014201893	0.683336646762	0.705690546558	0.716397602327	0.663735268918	0.674618196986	0.707146846752	0.680936624669	0.676947162329	0.721916013693	0.682186596703	0.649815518226	0.643963723063	0.730912710533	0.642440673422
PBW51	0.705581796951	0.766855935373	0.737478827687	0.785662546246	0.766089723437	0.717513512104	0.747724663349	0.741761089425	0.78413854454	0.766904241951	0.746720005298	0.761152174554	0.710780008404	0.621649908404	0.65764291233	0.639351835571	0.674862088314	0.0	0.633813209742	0.635931370421	0.663123615783	0.739427825635	0.684047654396	0.709400717813	0.661491126646	0.659218063327	0.733151930727	0.771089464257	0.644932206161	0.756877990795	0.745534405676	0.747702448309	0.71207411011	0.695826377625	0.717885984538	0.75792782252	0.774706600608	0.737640309493	0.769422213032	0.686615833048	0.787044718115	0.75537469102	0.771324768282	0.773994390459	0.728777833436	0.724068595253	0.747928156975	0.659876529452	0.656669215281	0.633056856275	0.688854346108	0.719149796862	0.690049808778	0.714325189994	0.763191879972	0.707135312965	0.651435760567	0.722672458199	0.756271670543	0.674072314798
PBW52	0.723666009002	0.743175994469	0.706686219734	0.740037137149	0.723307096198	0.716783865049	0.740923670865	0.696438630987	0.727452491888	0.742711017484	0.730808471293	0.730417669825	0.736594111722	0.640006343748	0.683500686068	0.6321756529	0.681158781748	0.633813209742	0.0	0.673702233708	0.59111578917	0.7225718386	0.719521946147	0.754907617152	0.73143858714	0.689288933566	0.728332596546	0.792084968359	0.76841814825	0.721762242198	0.75227307427	0.755875994606	0.72926823979	0.769190284745	0.717929188957	0.736749976158	0.74830045169	0.662499752814	0.717476532593	0.719848901583	0.750714961339	0.691781457707	0.754632742039	0.747453236333	0.704018352247	0.731153154584	0.739948549509	0.633155533859	0.706795521234	0.681850986543	0.664690115124	0.698241051299	0.67411009063	0.714961821442	0.737240578055	0.710998518713	0.714462938154	0.764734242529	0.687819794379	0.722764981167
PBW53	0.651414568851	0.73901546854	0.761210285391	0.760544943296	0.765593369612	0.7602394702	0.758148068472	0.751593688979	0.775682661189	0.761929621104	0.795577122873	0.696441467782	0.721380752437	0.648821255797	0.671904560343	0.642633645199	0.647563762235	0.635931370421	0.673702233708	0.0	0.663397205794	0.650099732043	0.751498995994	0.692973395223	0.696727870645	0.655751873183	0.773787497928	0.688627209501	0.659349347345	0.685762592709	0.701826916552	0.697793772395	0.719297455805	0.670565309383	0.664702971976	0.725459098073	0.721186734538	0.712619152004	0.723970469025	0.708877727654	0.713273190731	0.7356147313	0.725770697403	0.736788482419	0.786146620762	0.657074665488	0.695820518968	0.732245385578	0.649844265531	0.642507036774	0.719127119388	0.709740364147	0.664774865058	0.706169556646	0.719657469113	0.70307227789	0.632906921013	0.636941857249	0.724198129226	0.656358478823
PBW54	0.730410495793	0.75584358372	0.703276028831	0.732017925339	0.689028880108	0.714189887631	0.72011251678	0.67621542532	0.755922431071	0.723038790645	0.741743737331	0.710019173335	0.748511123958	0.632465387648	0.620442960892	0.616470801499	0.692052488288	0.663123615783	0.59111578917	0.663397205794	0.0	0.725200107198	0.680142416139	0.7469840692	0.701768483063	0.685716301805	0.717287077242	0.775030734586	0.745409332679	0.734680792238	0.727401622997	0.728757882132	0.732842600972	0.732581693572	0.691786828945	0.731209043359	0.724732690433	0.641421340715	0.717866507827	0.716151074744	0.732091768508	0.705936866031	0.745291100396	0.715185292862	0.714430216946	0.742834545984	0.738902803825	0.638615057083	0.732520616888	0.685049659013	0.64348818943	0.6845839025	0.69920067555	0.726845535926	0.729386357817	0.722663718658	0.729317196166	0.769815100702	0.68282132683	0.699982664749
PBW55	0.73701216599	0.698843348102	0.766465097715	0.763799497941	0.759428101884	0.750143695514	0.709560152022	0.754090833237	0.762197667698	0.724545377815	0.741345902194	0.679432861887	0.760146984086	0.754764706553	0.7262709292	0.712881965015	0.685374119761	0.739427825635	0.7225718386	0.650099732043	0.725200107198	0.0	0.715901642064	0.734473062971	0.70628954831	0.701428870397	0.707038384127	0.692248056791	0.719077663116	0.716422826506	0.712848165204	0.686250045961	0.662899991908	0.698981579689	0.676269338238	0.737841014063	0.753271997502	0.739495230747	0.741824023775	0.731773636293	0.68789245864	0.768340924737	0.688370053224	0.768547544449	0.748909685958	0.732547015115	0.66865529684	0.75080948442	0.712425082812	0.703094740578	0.736985080916	0.728467582225	0.631746499622	0.707503407029	0.68230048937	0.744501422546	0.692752482407	0.700554367167	0.716701761878	0.691553454708
PBW56	0.751309563603	0.792058962183	0.719356951662	0.75601220634	0.718461801736	0.726918917762	0.731342001928	0.716210247042	0.753796951332	0.714789660111	0.718656315162	0.708370360497	0.772097678755	0.699291644878	0.716540027306	0.701159998029	0.727476596855	0.684047654396	0.719521946147	0.751498995994	0.680142416139	0.715901642064	0.0	0.707143990466	0.728133921529	0.672045011454	0.560170778613	0.685444273251	0.688028638438	0.723092796806	0.671434657695	0.733214182707	0.670844585219	0.670519807848	0.683483485385	0.695868347802	0.718567913074	0.725720877036	0.721604951436	0.724707171366	0.734399666124	0.723075367531	0.721627976309	0.740463117617	0.720927710833	0.725240221076	0.74562989535	0.691606573027	0.757798552882	0.736262637847	0.72273577445	0.698215611066	0.73130080438	0.703930506498	0.71668594501	0.726116908376	0.692461346016	0.708129048737	0.719795991053	0.70270298602
PBW58	0.67838345752	0.715281292657	0.75059844151	0.701591536193	0.747604321378	0.780157777445	0.736667915939	0.714416018652	0.726857096165	0.704867314862	0.727982623545	0.571604279113	0.676574198342	0.716674121073	0.718432721044	0.755680692836	0.709473852654	0.709400717813	0.754907617152	0.692973395223	0.7469840692	0.734473062971	0.707143990466	0.0	0.712515664164	0.658937078432	0.740163399942	0.698541797649	0.703989179551	0.731524428682	0.717227209307	0.682524963695	0.712334067615	0.700769575504	0.678830378466	0.742349992145	0.715576131822	0.696773439173	0.70793209204	0.717348927875	0.71627471599	0.683386082815	0.691052910196	0.703833626056	0.679803964217	0.651652199075	0.743249131995	0.761245760625	0.701743938552	0.697370192655	0.75773317081	0.731320973987	0.702148390536	0.70242460308	0.679000742595	0.690864662679	0.688399563115	0.622519484467	0.742946925601	0.68028327573
PBW59	0.682646560832	0.754400787936	0.762527937596	0.76396163304	0.753362638772	0.743611301603	0.717733793736	0.735850223356	0.76447411191	0.751590601557	0.721855889418	0.745395939956	0.702825516734	0.659542524677	0.749179955363	0.765411780166	0.668727387447	0.661491126646	0.73143858714	0.696727870645	0.701768483063	0.70628954831	0.728133921529	0.712515664164	0.0	0.660727487576	0.727140252458	0.761659917094	0.687387177703	0.75553458595	0.732172911342	0.715008285773	0.70347919522	0.711480628084	0.747634220415	0.770945176672	0.735862232817	0.758431836129	0.760336985424	0.708886829914	0.734156187064	0.762864273694	0.708299770347	0.741601914988	0.729748142655	0.686785664271	0.731188262871	0.701716947858	0.711251596088	0.653646442636	0.738661418567	0.73327634961	0.711804272545	0.725675349117	0.729716005271	0.693920513463	0.705692790301	0.701414341746	0.746922233741	0.650705591712
PBW60	0.672717127872	0.744820119429	0.696634880515	0.730091239562	0.71362965638	0.7132174629	0.696126051959	0.692093795074	0.759624311588	0.696863587023	0.707145785247	0.686008908864	0.690431003893	0.651914551168	0.722877218263	0.742212919148	0.680366706954	0.659218063327	0.689288933566	0.655751873183	0.685716301805	0.701428870397	0.672045011454	0.658937078432	0.660727487576	0.0	0.697093659503	0.747174756469	0.620024469334	0.702885781971	0.653769917619	0.752131589627	0.70798289935	0.680344152771	0.685515970854	0.735776575367	0.713587587937	0.716460747264	0.75175275733	0.678803431345	0.686531459205	0.726026532884	0.681438574599	0.727267879881	0.702563772974	0.65732985971	0.742071173368	0.705646150082	0.706693389215	0.687388590265	0.713546192654	0.698828867614	0.704359445636	0.746669600322	0.705141298469	0.707987598848	0.613639959757	0.663505488241	0.690629991703	0.6454760142
PEP16	0.770791369386	0.779231558866	0.73177967309	0.766557067343	0.728206474812	0.740182358548	0.716937989192	0.710631021261	0.754747601967	0.741963759603	0.711121498787	0.743633602184	0.772737955926	0.716810346644	0.748006369821	0.724032812831	0.719136677688	0.733151930727	0.728332596546	0.773787497928	0.717287077242	0.707038384127	0.560170778613	0.740163399942	0.727140252458	0.697093659503	0.0	0.718424382824	0.714661721958	0.720024449319	0.698551626913	0.740489462674	0.67646440528	0.692666760549	0.700167709101	0.699621570297	0.722047281544	0.767332898248	0.722121448381	0.730886546073	0.76577502495	0.748509730068	0.753987311557	0.747633227768	0.693518109068	0.737396201758	0.755913163989	0.707584803105	0.794152024052	0.752385383005	0.717059465242	0.703260474528	0.718571275247	0.712308206829	0.738811175036	0.732317549922	0.703548848699	0.701789999259	0.704512313889	0.735661757376
PEP18	0.759050787465	0.74385203192	0.775607156128	0.761453630491	0.782780659945	0.820635193884	0.757207969118	0.769755445941	0.747948929533	0.744078927091	0.763059775679	0.697510855889	0.776135916755	0.793094003691	0.77630453106	0.74449484696	0.738984765774	0.771089464257	0.792084968359	0.688627209501	0.775030734586	0.692248056791	0.685444273251	0.698541797649	0.761659917094	0.747174756469	0.718424382824	0.0	0.665035587505	0.696560798373	0.688420071463	0.6459423557	0.647209548061	0.649878908297	0.660052768027	0.697274422618	0.737053890214	0.766980594155	0.753436984589	0.745373342502	0.719486111304	0.78308772387	0.721064129017	0.780423485019	0.753203118204	0.731940892006	0.727702138925	0.762655456633	0.750059220747	0.76468285235	0.726372526326	0.732158197363	0.698483471574	0.735993029411	0.721932684117	0.776036211329	0.690477519406	0.641725527553	0.717014480452	0.753527961955
PEP21	0.672392120225	0.762709961838	0.749072672895	0.762504333654	0.750807987327	0.74691257488	0.73756052158	0.738056415575	0.778115045603	0.739476140564	0.742498427826	0.728362963362	0.76385892882	0.695184320218	0.7537159679	0.739422518787	0.70847826731	0.644932206161	0.76841814825	0.659349347345	0.745409332679	0.719077663116	0.688028638438	0.703989179551	0.687387177703	0.620024469334	0.714661721958	0.665035587505	0.0	0.682477636819	0.673154651713	0.693524165166	0.666551812825	0.656491501483	0.690662098874	0.739754671356	0.743543606824	0.759369514129	0.773224447988	0.728016089401	0.710072861348	0.762072814438	0.736160139077	0.774036852738	0.755769200702	0.704523785972	0.746723211058	0.748455749015	0.718397548379	0.709823524873	0.745251039294	0.723996515247	0.719820380328	0.744108670585	0.726256132706	0.725036069141	0.670483249404	0.672789450009	0.771300612971	0.688837482666
PEP23	0.720595630358	0.750426355029	0.753996717411	0.738742729218	0.743714183357	0.747710094564	0.751037381745	0.745961289018	0.770550992253	0.751189222953	0.764433443373	0.737576334849	0.77362764409	0.725621310224	0.72380984674	0.728446834511	0.685769294462	0.756877990795	0.721762242198	0.685762592709	0.734680792238	0.716422826506	0.723092796806	0.731524428682	0.75553458595	0.702885781971	0.720024449319	0.696560798373	0.682477636819	0.0	0.656228844149	0.727036991632	0.651240320401	0.687185641518	0.637333229623	0.652301435459	0.711420045018	0.731846482406	0.721157094598	0.717442745607	0.687858706481	0.709861207448	0.699878513386	0.717088741438	0.755664972849	0.643107739099	0.710316629563	0.701523121546	0.736642210181	0.752384554271	0.721272820759	0.722928505855	0.66489481276	0.702114562257	0.673984268182	0.706721284997	0.709428876398	0.663576362964	0.726680302244	0.756116086077
PEP24	0.740013003537	0.78279074257	0.712287877852	0.757717281935	0.732714229392	0.726637088993	0.732253941499	0.727148732167	0.786645640151	0.71710043937	0.725001343874	0.737992624388	0.776684050432	0.716687329382	0.737877059644	0.74468240454	0.718561985293	0.745534405676	0.75227307427	0.701826916552	0.727401622997	0.712848165204	0.671434657695	0.717227209307	0.732172911342	0.653769917619	0.698551626913	0.688420071463	0.673154651713	0.656228844149	0.0	0.714758881973	0.675116705946	0.664649588043	0.696990371298	0.689637796973	0.747167285967	0.770619654809	0.760554673989	0.682234291888	0.690334324012	0.757489567001	0.715275996461	0.709321286218	0.713181847203	0.701939125581	0.767692152166	0.725334169538	0.773084430604	0.750336278303	0.752504150156	0.742101304094	0.709509023576	0.748442777426	0.715712495339	0.744151631461	0.698588455635	0.692681855615	0.759001546102	0.727047523737
PEP26	0.704670782106	0.631247860935	0.741845055465	0.714401833236	0.730606793897	0.770910751803	0.69222455377	0.720856094904	0.69232904366	0.674893642329	0.724654427389	0.667797933699	0.728950320579	0.755199471586	0.743458595288	0.717968282178	0.720235745279	0.747702448309	0.755875994606	0.697793772395	0.728757882132	0.686250045961	0.733214182707	0.682524963695	0.715008285773	0.752131589627	0.740489462674	0.6459423557	0.693524165166	0.727036991632	0.714758881973	0.0	0.641537113686	0.696743493748	0.669875056364	0.678942974215	0.717289776317	0.735333190035	0.69877557902	0.693602642516	0.708234429927	0.743782489259	0.693503058342	0.729153964203	0.73735854517	0.706334402592	0.737476047996	0.740965077052	0.738264068485	0.693180149076	0.735481134003	0.729168042473	0.669604010078	0.691785094452	0.680064461514	0.724488143933	0.734487114393	0.647920508539	0.706554287763	0.711054031903
PEP27	0.7155098502	0.734941956228	0.71167304746	0.764825145196	0.755189684933	0.751567185153	0.672492249081	0.705904086597	0.747233704774	0.694112605259	0.70100103078	0.726874386416	0.760210212617	0.721704780452	0.745777026807	0.706320087708	0.703224352485	0.71207411011	0.72926823979	0.719297455805	0.732842600972	0.662899991908	0.670844585219	0.712334067615	0.70347919522	0.70798289935	0.67646440528	0.647209548061	0.666551812825	0.651240320401	0.675116705946	0.641537113686	0.0	0.673043445667	0.65094450309	0.698797801237	0.739850029691	0.741181975642	0.716692979564	0.667472045511	0.684649641909	0.741568408915	0.722317861228	0.734779087458	0.67560762958	0.69237532085	0.722973364105	0.665069842761	0.740502288012	0.705079753098	0.700190766748	0.68129683711	0.653826716662	0.668760568823	0.684282028517	0.700009583409	0.687293550386	0.670485251986	0.726684285366	0.678130321271
PEP28	0.735464495551	0.756871367628	0.736241086079	0.745899001073	0.724088590715	0.74948346644	0.71242038214	0.701790710251	0.772458381733	0.680772896295	0.704119688045	0.736884723247	0.773517430191	0.764050263683	0.737168704657	0.736126461118	0.718516951061	0.695826377625	0.769190284745	0.670565309383	0.732581693572	0.698981579689	0.670519807848	0.700769575504	0.711480628084	0.680344152771	0.692666760549	0.649878908297	0.656491501483	0.687185641518	0.664649588043	0.696743493748	0.673043445667	0.0	0.629437865392	0.645665721744	0.72909678134	0.730546513107	0.727158558716	0.691942117967	0.698426429092	0.761543048652	0.726141163531	0.72310627709	0.724259998404	0.743899571426	0.737528874987	0.688366090479	0.747576983019	0.725872026841	0.720485213334	0.71042142958	0.718360855524	0.724963405345	0.727826351446	0.763537931572	0.683310292659	0.666716387895	0.714453579564	0.716109785194
PEP29	0.6852037693	0.735618938489	0.738238982176	0.720687436279	0.741462796292	0.723184734723	0.709676472097	0.709333592373	0.743220370436	0.710564188537	0.740337736145	0.692246765516	0.745979199083	0.698328751314	0.673440399443	0.657603098711	0.713250327182	0.717885984538	0.717929188957	0.664702971976	0.691786828945	0.676269338238	0.683483485385	0.678830378466	0.747634220415	0.685515970854	0.700167709101	0.660052768027	0.690662098874	0.637333229623	0.696990371298	0.669875056364	0.65094450309	0.629437865392	0.0	0.617846751869	0.730747398424	0.694066054917	0.691431354372	0.675280684408	0.683615830472	0.68328636634	0.648141695905	0.724908839622	0.727333956599	0.690554557332	0.664884227916	0.690347018928	0.705742946311	0.686659477154	0.711836983342	0.701570258014	0.684871612874	0.665312725345	0.66443602828	0.733897340983	0.655717058969	0.655205932672	0.701232581432	0.743587472898
PEP30	0.750306477386	0.777676566838	0.747753536554	0.726090588864	0.734073589407	0.740604555584	0.742594951685	0.756362320321	0.746195296372	0.730055549657	0.728100359544	0.753866152528	0.775814760987	0.721557913547	0.732035255425	0.681724863845	0.741433035351	0.75792782252	0.736749976158	0.725459098073	0.731209043359	0.737841014063	0.695868347802	0.742349992145	0.770945176672	0.735776575367	0.699621570297	0.697274422618	0.739754671356	0.652301435459	0.689637796973	0.678942974215	0.698797801237	0.645665721744	0.617846751869	0.0	0.714843185286	0.739524769912	0.686907325692	0.739891365987	0.750549832836	0.707770801028	0.725570486437	0.700995074676	0.739767933092	0.729258901365	0.737308351657	0.695551497214	0.743428603607	0.715955459692	0.744981452419	0.713978606074	0.720140998269	0.706192845271	0.722739171088	0.710406741086	0.715191449717	0.695271528789	0.70759240701	0.756195480481
PIS1	0.668418391535	0.712416160075	0.677942119127	0.669460599744	0.684231981208	0.700283450534	0.698333923469	0.659548800532	0.66472649431	0.683582784399	0.686856854621	0.700506478583	0.701680659213	0.753782599902	0.739415943778	0.752262967098	0.736493002968	0.774706600608	0.74830045169	0.721186734538	0.724732690433	0.753271997502	0.718567913074	0.715576131822	0.735862232817	0.713587587937	0.722047281544	0.737053890214	0.743543606824	0.711420045018	0.747167285967	0.717289776317	0.739850029691	0.72909678134	0.730747398424	0.714843185286	0.0	0.681328163425	0.678333154242	0.726241018142	0.703985103777	0.691235623489	0.648900413729	0.660386003553	0.67249688838	0.671425083773	0.719372082729	0.704871172337	0.750044674232	0.74013065585	0.736654585485	0.691344944999	0.717983943369	0.710361040481	0.649636098994	0.718963246865	0.756010772873	0.702274586424	0.644382322766	0.724753203841
PIS2	0.704375682678	0.713869288865	0.687909287153	0.680901970758	0.708442310689	0.719454983865	0.718304716609	0.650957779389	0.700293674808	0.719118384239	0.717082901683	0.662824170561	0.725179175002	0.746234598507	0.663598681826	0.651998485688	0.767727376953	0.737640309493	0.662499752814	0.712619152004	0.641421340715	0.739495230747	0.725720877036	0.696773439173	0.758431836129	0.716460747264	0.767332898248	0.766980594155	0.759369514129	0.731846482406	0.770619654809	0.735333190035	0.741181975642	0.730546513107	0.694066054917	0.739524769912	0.681328163425	0.0	0.644265191382	0.722748998299	0.711374185034	0.632511504061	0.72011154235	0.646739340925	0.672826417816	0.704460765475	0.723733880785	0.719399802705	0.719326049776	0.753109594658	0.701563326462	0.702680259039	0.723864089383	0.708817372195	0.694428985528	0.724289907781	0.752167972797	0.752595326301	0.661328845208	0.721268772683
PIS4	0.716765348162	0.73365724424	0.715569966459	0.647824328044	0.692171928693	0.722075482231	0.694732390333	0.683758149915	0.68444973366	0.673744217913	0.71098254346	0.720014143353	0.710454118738	0.759525970452	0.722393482631	0.692088723445	0.740935992938	0.769422213032	0.717476532593	0.723970469025	0.717866507827	0.741824023775	0.721604951436	0.70793209204	0.760336985424	0.75175275733	0.722121448381	0.753436984589	0.773224447988	0.721157094598	0.760554673989	0.69877557902	0.716692979564	0.727158558716	0.691431354372	0.686907325692	0.678333154242	0.644265191382	0.0	0.696152869813	0.709588737702	0.661312443787	0.702378500524	0.654377130443	0.706539478711	0.709902653282	0.735544024473	0.704494595588	0.745316200983	0.745174219123	0.723727381505	0.671345884978	0.691584463983	0.69687904128	0.727834508707	0.69153721659	0.745013353569	0.715266476214	0.687495560701	0.737968304378
PIS5	0.69977824633	0.70744202732	0.701899921928	0.746723529487	0.706663909355	0.687574253311	0.672800695744	0.704580145545	0.764684097117	0.687608488465	0.704413930786	0.738457765497	0.727411546973	0.712541868207	0.696025232867	0.713873034964	0.704383650389	0.686615833048	0.719848901583	0.708877727654	0.716151074744	0.731773636293	0.724707171366	0.717348927875	0.708886829914	0.678803431345	0.730886546073	0.745373342502	0.728016089401	0.717442745607	0.682234291888	0.693602642516	0.667472045511	0.691942117967	0.675280684408	0.739891365987	0.726241018142	0.722748998299	0.696152869813	0.0	0.69448760064	0.695948709987	0.672929404505	0.684790013546	0.659904364408	0.658386388266	0.663694800717	0.585195941807	0.671648013159	0.651362745873	0.695782835517	0.682730369369	0.683800113768	0.690409304466	0.684641352985	0.67193412223	0.664204152492	0.726882085408	0.676159127225	0.674307759511
PIS7	0.659455488995	0.669932784089	0.727359809277	0.732977618296	0.730972531411	0.740717145289	0.640540978463	0.710767022101	0.735254877402	0.668402832538	0.737301324751	0.66336950083	0.745598831085	0.758467340048	0.714643679712	0.73044691534	0.721963963729	0.787044718115	0.750714961339	0.713273190731	0.732091768508	0.68789245864	0.734399666124	0.71627471599	0.734156187064	0.686531459205	0.76577502495	0.719486111304	0.710072861348	0.687858706481	0.690334324012	0.708234429927	0.684649641909	0.698426429092	0.683615830472	0.750549832836	0.703985103777	0.711374185034	0.709588737702	0.69448760064	0.0	0.715780447302	0.646261370244	0.712132500833	0.707982495805	0.704078308173	0.716403236056	0.708513763089	0.712007548535	0.72603161329	0.722733485142	0.715949785866	0.671611169765	0.717786147474	0.663650291958	0.697278949818	0.716648333711	0.697226511724	0.713084887896	0.676265055591
PIS9	0.715804462323	0.702080908533	0.689043194666	0.642070296623	0.715544176863	0.674708463171	0.673208093845	0.660526135147	0.699576907096	0.705283476254	0.751018242788	0.68137019071	0.715559057566	0.715823261473	0.696760487465	0.690396884289	0.766993285811	0.75537469102	0.691781457707	0.7356147313	0.705936866031	0.768340924737	0.723075367531	0.683386082815	0.762864273694	0.726026532884	0.748509730068	0.78308772387	0.762072814438	0.709861207448	0.757489567001	0.743782489259	0.741568408915	0.761543048652	0.68328636634	0.707770801028	0.691235623489	0.632511504061	0.661312443787	0.695948709987	0.715780447302	0.0	0.623074975125	0.660146119921	0.66216711015	0.661237675542	0.741507145249	0.679058731177	0.725345616093	0.748293938419	0.693401318461	0.667178844864	0.701936163738	0.709703768996	0.684286805099	0.710500882475	0.757100194108	0.773208309462	0.69675628332	0.745257635662
PIS10	0.665539685	0.648746694669	0.697224690754	0.671592179494	0.685352521609	0.659298329106	0.674060239247	0.66859497486	0.676024654674	0.621508906734	0.654671418579	0.659377784209	0.71448561245	0.733809327925	0.721739792692	0.766864600719	0.74245560163	0.771324768282	0.754632742039	0.725770697403	0.745291100396	0.688370053224	0.721627976309	0.691052910196	0.708299770347	0.681438574599	0.753987311557	0.721064129017	0.736160139077	0.699878513386	0.715275996461	0.693503058342	0.722317861228	0.726141163531	0.648141695905	0.725570486437	0.648900413729	0.72011154235	0.702378500524	0.672929404505	0.646261370244	0.623074975125	0.0	0.672033556574	0.665637463036	0.637805521588	0.710240418881	0.699723112087	0.721472049928	0.74051797243	0.741669656397	0.67253508898	0.71282955396	0.707217144359	0.660848048318	0.694559270459	0.72447351613	0.724657513372	0.659701715331	0.709050994
PIS11	0.709615302173	0.749061624274	0.711974676861	0.639624842158	0.689334880458	0.709467741211	0.721198391866	0.683368798806	0.705789496619	0.700945253821	0.722085656629	0.710230173426	0.731940253917	0.744677189536	0.719758458101	0.749525319134	0.741027698804	0.773994390459	0.747453236333	0.736788482419	0.715185292862	0.768547544449	0.740463117617	0.703833626056	0.741601914988	0.727267879881	0.747633227768	0.780423485019	0.774036852738	0.717088741438	0.709321286218	0.729153964203	0.734779087458	0.72310627709	0.724908839622	0.700995074676	0.660386003553	0.646739340925	0.654377130443	0.684790013546	0.712132500833	0.660146119921	0.672033556574	0.0	0.634086832319	0.62898559508	0.739280727579	0.699759938232	0.75568743268	0.733886275771	0.750905678758	0.72802069207	0.737126498357	0.740153787125	0.683933335593	0.690679455535	0.765756872435	0.730623461843	0.700954596374	0.732804090777
