	PAM31	PAM32	PAM33	PAM35	PAM36	PAM37	PAM39	PAM40	PAM41	PAM42	PAM43	PAM44	PAM45	PBW46	PBW47	PBW49	PBW50	PBW51	PBW52	PBW53	PBW54	PBW55	PBW56	PBW58	PBW59	PBW60	PEP16	PEP18	PEP21	PEP23	PEP24	PEP26	PEP27	PEP28	PEP29	PEP30	PIS1	PIS2	PIS4	PIS5	PIS7	PIS9	PIS10	PIS11	PIS14	PIS15	PLL76	PLL77	PLL79	PLL80	PLL83	PLL88	PLL89	PLL90	PPO64	PPO66	PPO67	PPO69	PPO72	PPO75
PAM31	0.0	0.689638997443	0.573860334986	0.648477560395	0.634074957815	0.604976092231	0.628221671853	0.628585322201	0.646462023935	0.644705740806	0.599438799288	0.708182935986	0.64973947463	0.69436550264	0.733088694024	0.728239068956	0.701510363785	0.724733355116	0.704125327126	0.737418345717	0.756554920802	0.723028805893	0.650901590844	0.71185268515	0.709577084318	0.693508078746	0.67667174114	0.72860712247	0.73839709471	0.698057623371	0.657573338167	0.68803999141	0.647936943876	0.682731246536	0.667908952704	0.674324706871	0.619139129679	0.745798680452	0.662660884022	0.696460872224	0.669380046661	0.663271444992	0.640392623073	0.675800516141	0.661752106998	0.684332626437	0.69317781673	0.710442706154	0.714456394421	0.753547735455	0.719187845068	0.700969932285	0.698788165565	0.724563815457	0.660588719023	0.698807303933	0.706695190529	0.703628769013	0.669758821457	0.71138907878
PAM32	0.689638997443	0.0	0.673552645377	0.718584855837	0.710420384975	0.653407191125	0.647477487527	0.65771266715	0.640628162026	0.710779058088	0.66023302077	0.695363029209	0.592310564927	0.681993124813	0.761976286472	0.691889954183	0.722209995554	0.69052762472	0.673911151786	0.714357163722	0.743076904221	0.751656854675	0.771418690666	0.704561870599	0.751377720082	0.71358537469	0.799308233793	0.751158873048	0.732702026994	0.760623262383	0.756819960011	0.700484116824	0.745993013884	0.744116337307	0.768283118308	0.751417721059	0.668691874806	0.727371840993	0.732777360109	0.733665424615	0.650336094888	0.695418249889	0.680108965569	0.687230599657	0.697883740125	0.695587717701	0.721714214143	0.737814565772	0.7452966917	0.745025769046	0.724186675606	0.715476477033	0.686781000907	0.685963995508	0.703403966451	0.627964551333	0.695890583387	0.716059497678	0.70113722523	0.659703887443
PAM33	0.573860334986	0.673552645377	0.0	0.629710938386	0.674481213058	0.545968027699	0.638442944153	0.590187709952	0.633038301366	0.68215561436	0.591446440213	0.718488059888	0.633221674444	0.707981428033	0.745302102771	0.737575697076	0.735042105438	0.743164856814	0.72942453928	0.741807352378	0.751402682435	0.750803307978	0.705281038479	0.720902623415	0.742265198772	0.72284435075	0.733288037119	0.756929418223	0.761750759634	0.748236394605	0.713466343842	0.71315247176	0.681966664895	0.668614771934	0.709678285239	0.678463637505	0.688112455826	0.704283944105	0.658960131718	0.70565507885	0.660084842937	0.662525310275	0.67120356238	0.629451354355	0.652192064215	0.693222297558	0.747349442554	0.718792101831	0.73174203878	0.736898015584	0.722384141074	0.719311219333	0.719351781601	0.750027907677	0.67607010387	0.710335272976	0.73359573332	0.739928388699	0.697824384612	0.711222456701
PAM35	0.648477560395	0.718584855837	0.629710938386	0.0	0.688159904308	0.636852089196	0.622921682963	0.626784183717	0.614550182623	0.64551089239	0.617836008313	0.673572539186	0.669338299965	0.733481347417	0.719233783789	0.738156553177	0.735687642707	0.734858173478	0.72287372587	0.739269458083	0.731801854037	0.746295306162	0.700194407191	0.682888992452	0.725762527699	0.738509891109	0.734150630026	0.76166997124	0.77679564023	0.774609308463	0.708917341996	0.714015098313	0.707309210998	0.706758116538	0.739748934737	0.715972836291	0.693242045774	0.702514316983	0.695962277048	0.699265689227	0.699053174191	0.646620979933	0.635538683494	0.662382727628	0.694581735021	0.680835921052	0.70197590837	0.716148340463	0.747806138462	0.732065687677	0.704169328724	0.684794671206	0.739679798409	0.724227085761	0.673662323169	0.730549255411	0.753648642521	0.75088458505	0.666806526964	0.72586909083
PAM36	0.634074957815	0.710420384975	0.674481213058	0.688159904308	0.0	0.619830324815	0.690381178312	0.668634796027	0.682300198699	0.683159898158	0.656631479912	0.718652128271	0.683346107302	0.751178557324	0.741155548336	0.766919181013	0.767890875083	0.786327423378	0.702144517306	0.778913178872	0.76718023955	0.724955765209	0.73127160225	0.735192440802	0.764843139313	0.757862090486	0.774465356977	0.759359484699	0.758185202878	0.707730471924	0.763691404983	0.738356387156	0.723058035916	0.750712995741	0.736062405691	0.730215521452	0.636296778842	0.72270299021	0.707037555824	0.744234665258	0.751207709319	0.698627803677	0.674005070494	0.699217732148	0.721230076393	0.716157017996	0.724575952478	0.723407462821	0.730080347186	0.73440089397	0.778470418694	0.741291449443	0.726589416892	0.756426435746	0.711717768417	0.766795919935	0.73644545355	0.764990009807	0.700761624557	0.732297068203
PAM37	0.604976092231	0.653407191125	0.545968027699	0.636852089196	0.619830324815	0.0	0.614225659924	0.577095126244	0.639976483954	0.635858448115	0.606332452424	0.714738419242	0.61534049375	0.714732047041	0.750159533115	0.687272018275	0.731722979025	0.739735035894	0.721242336122	0.729222718819	0.744264883063	0.770875428103	0.717322862943	0.700347940733	0.731175245277	0.728819848926	0.732442372339	0.745755626996	0.74682809162	0.743964550898	0.680621830365	0.735708926634	0.709756255297	0.700907672962	0.728925949387	0.689338187721	0.661846051776	0.673197829688	0.695107574355	0.711324114412	0.666277674148	0.677805912971	0.6561441202	0.657837929631	0.649429779958	0.67446993844	0.718730709361	0.697240793224	0.752944510509	0.732229089978	0.697481238021	0.701443921152	0.724814290334	0.716681551146	0.68298831458	0.688552246795	0.74792448922	0.733620608623	0.672423546906	0.71465005835
PAM39	0.628221671853	0.647477487527	0.638442944153	0.622921682963	0.690381178312	0.614225659924	0.0	0.593523495414	0.604255807886	0.644914908662	0.641614886141	0.706428315597	0.646851694124	0.753397758067	0.769306077082	0.742401667176	0.746574997784	0.756529311183	0.734111996311	0.777454267168	0.778723262223	0.761298405404	0.729543092303	0.725558035957	0.76141793173	0.757815911765	0.738719976117	0.750419206488	0.80061798356	0.773470708977	0.751736353538	0.715406161733	0.734405986538	0.732062042508	0.74712791423	0.74173107386	0.703455048854	0.763539585699	0.687873904881	0.727046289559	0.699997925295	0.656530228165	0.71037201246	0.710316885807	0.678732690075	0.710762195465	0.743208331277	0.71139523985	0.77541709268	0.77310811346	0.708683769987	0.708111810401	0.715589599474	0.741894074767	0.695909490041	0.709726787511	0.782621308791	0.778740448949	0.721437580072	0.760882068713
PAM40	0.628585322201	0.65771266715	0.590187709952	0.626784183717	0.668634796027	0.577095126244	0.593523495414	0.0	0.581910377492	0.593526204382	0.540361624126	0.7518008882	0.618482418895	0.730543069808	0.738230132977	0.718699503061	0.746274367545	0.75918556873	0.714254853726	0.72726217757	0.747429427521	0.741223173542	0.707365708152	0.731955935612	0.749101071437	0.736539013802	0.726594521631	0.769441083593	0.756011167524	0.770249081409	0.727380592004	0.697598269413	0.70294938011	0.701632335281	0.707357155423	0.670170064006	0.663223282986	0.698899095014	0.663183240687	0.671528837596	0.640960667566	0.654245101986	0.651305079329	0.663910264528	0.672786345455	0.667170469226	0.712420151067	0.709511003107	0.741140483692	0.704619170201	0.695775121149	0.663838807941	0.697293477348	0.722829187076	0.622106498927	0.692260281237	0.72989315858	0.739605038229	0.677758718221	0.699231064824
PAM41	0.646462023935	0.640628162026	0.633038301366	0.614550182623	0.682300198699	0.639976483954	0.604255807886	0.581910377492	0.0	0.659328881382	0.633655710356	0.725692070166	0.636652069251	0.717870932277	0.772433989259	0.76460708872	0.721311021069	0.757212074144	0.727815288001	0.748182070822	0.757690992542	0.731815559794	0.679776116521	0.680798043124	0.740292201874	0.74522519824	0.734076919416	0.707193276008	0.765527165015	0.753729863494	0.696719559932	0.670759680742	0.714108118113	0.717196300418	0.736166772983	0.719943969815	0.68059619685	0.746617644057	0.65519200268	0.678963813781	0.673638971809	0.67916081679	0.683930477251	0.703790350101	0.691918409669	0.672209266218	0.732273510644	0.745707208185	0.763465227435	0.771060831623	0.746247183029	0.667868413612	0.723680716907	0.742728728479	0.678408816383	0.637811051151	0.762904628804	0.727040293401	0.697791886001	0.736232969234
PAM42	0.644705740806	0.710779058088	0.68215561436	0.64551089239	0.683159898158	0.635858448115	0.644914908662	0.593526204382	0.659328881382	0.0	0.59048637928	0.701596372111	0.650456670619	0.766480166898	0.734764106122	0.740511632214	0.769793907873	0.753775441863	0.755302301161	0.750048446624	0.754382927771	0.749492114617	0.739157464678	0.728611871359	0.76157722866	0.779017619316	0.748537842188	0.756238893367	0.779628945068	0.761923121512	0.755565511017	0.745180689304	0.714263213321	0.717901237351	0.756134485859	0.711762894297	0.669073962351	0.725040469298	0.674406671584	0.695211518467	0.731418284997	0.67244330845	0.645889863955	0.71226114938	0.686598821937	0.698345285015	0.717966432959	0.691044917442	0.708419710642	0.716589060083	0.690952261924	0.67338028787	0.708786908276	0.730304994883	0.690016328074	0.737718361583	0.744461780705	0.774975681759	0.687246594659	0.70573232089
PAM43	0.599438799288	0.66023302077	0.591446440213	0.617836008313	0.656631479912	0.606332452424	0.641614886141	0.540361624126	0.633655710356	0.59048637928	0.0	0.727225617803	0.586830942198	0.745244185138	0.780364493252	0.768234897135	0.716070642436	0.756800097708	0.736306616482	0.743790146315	0.733868667016	0.739247854819	0.679225272603	0.720494273185	0.725129238113	0.710893962104	0.711535066842	0.75756248963	0.753327011992	0.734534424847	0.709686818951	0.676714221055	0.693714647873	0.701249445685	0.710339954221	0.675550554267	0.6611222925	0.701253757909	0.648397948627	0.715866105131	0.667880806558	0.685270597462	0.620588349269	0.679107083135	0.660025054137	0.706411178417	0.704570287135	0.72428569735	0.748739468705	0.742201108898	0.719839804962	0.69567054779	0.714612115406	0.733738677357	0.665906410771	0.684865847206	0.735581072133	0.712838471521	0.665765054241	0.676192588795
PAM44	0.708182935986	0.695363029209	0.718488059888	0.673572539186	0.718652128271	0.714738419242	0.706428315597	0.7518008882	0.725692070166	0.701596372111	0.727225617803	0.0	0.685817052762	0.714871026912	0.669681830613	0.69673150543	0.761155252963	0.736403636444	0.720844059561	0.763619538255	0.718357224329	0.719233639247	0.751875086511	0.611000419511	0.780542717728	0.72103808912	0.737540788009	0.721924217075	0.723421849978	0.722561280704	0.735748188394	0.709771905233	0.734477680104	0.750316232131	0.732679795176	0.711445409831	0.708639419921	0.677989605138	0.716597827129	0.744995466564	0.761459557659	0.6701258279	0.687121375614	0.680458361085	0.724648593213	0.703877684458	0.737660717654	0.722431045401	0.706809287081	0.72288369421	0.732329670979	0.742581656196	0.649948016258	0.749138725603	0.701051575828	0.744264072519	0.730846463918	0.76529961085	0.691888697125	0.710672177544
PAM45	0.64973947463	0.592310564927	0.633221674444	0.669338299965	0.683346107302	0.61534049375	0.646851694124	0.618482418895	0.636652069251	0.650456670619	0.586830942198	0.685817052762	0.0	0.679879716675	0.763145203757	0.685905274176	0.702291711117	0.682890783435	0.65457627243	0.67744711928	0.72885003785	0.745195564259	0.720704132623	0.653168654323	0.706449234762	0.681783001413	0.748369841703	0.747645177132	0.709126127254	0.761810113474	0.730675028798	0.649093812575	0.705733745331	0.702274333879	0.703677460249	0.691214190843	0.715934258883	0.70551720027	0.687019554691	0.724046793364	0.62572831816	0.701812161122	0.673459297438	0.710259137064	0.708378111511	0.72033201385	0.73179761821	0.750869438184	0.733137365206	0.734819823989	0.718024226524	0.685808654289	0.669079400081	0.671202482083	0.70717337475	0.645533944928	0.702838808433	0.695520042491	0.682132190303	0.655673664066
PBW46	0.69436550264	0.681993124813	0.707981428033	0.733481347417	0.751178557324	0.714732047041	0.753397758067	0.730543069808	0.717870932277	0.766480166898	0.745244185138	0.714871026912	0.679879716675	0.0	0.677862548607	0.577442818149	0.587299270783	0.5893227164	0.568350119488	0.649570540707	0.686829952269	0.673508958245	0.687346156433	0.63566705472	0.661257636377	0.60206737514	0.687639968454	0.737049375665	0.60470048889	0.682758163773	0.685461817097	0.701942928208	0.685027849306	0.694915350983	0.687490769348	0.718338989022	0.737851931053	0.724787380249	0.719946410435	0.66007723934	0.685240195931	0.689271302437	0.701231584568	0.743009756284	0.710816940774	0.668986072165	0.696931468713	0.695153158941	0.71120307991	0.718973342893	0.671778419003	0.713974489326	0.658326685892	0.616086383799	0.691394631054	0.597551430315	0.679027905375	0.678341415746	0.680425460713	0.663366697465
PBW47	0.733088694024	0.761976286472	0.745302102771	0.719233783789	0.741155548336	0.750159533115	0.769306077082	0.738230132977	0.772433989259	0.734764106122	0.780364493252	0.669681830613	0.763145203757	0.677862548607	0.0	0.600132436717	0.745103924501	0.667517516285	0.682868333556	0.675092046049	0.637442328398	0.688822404272	0.744765433662	0.738022351627	0.778961793391	0.7210271693	0.760669458109	0.762415873768	0.71538898712	0.724333913675	0.734022489215	0.730943495354	0.721700237956	0.712898128462	0.715341781292	0.714744337817	0.723098464762	0.672376120902	0.745675675145	0.691011601175	0.73489287878	0.678897237896	0.722261683742	0.710726472597	0.741957057682	0.691103280803	0.6957983244	0.682646861254	0.713162799244	0.679022231207	0.673838837922	0.688191619727	0.669734215263	0.697265544374	0.743700379988	0.752970160982	0.651959957843	0.762301193497	0.667984595263	0.717928886679
PBW49	0.728239068956	0.691889954183	0.737575697076	0.738156553177	0.766919181013	0.687272018275	0.742401667176	0.718699503061	0.76460708872	0.740511632214	0.768234897135	0.69673150543	0.685905274176	0.577442818149	0.600132436717	0.0	0.667556655239	0.566058499413	0.541163310312	0.618754285574	0.662456893138	0.713428898403	0.72807569462	0.689302970851	0.73066115257	0.705354278408	0.741697344598	0.792693067573	0.699540144437	0.767027557409	0.75498020906	0.768365526094	0.729998479983	0.743372474249	0.702697476093	0.698502357931	0.766170467118	0.704795891129	0.730114834347	0.686951327359	0.672245826332	0.706407878908	0.744782695373	0.749409810336	0.738022023009	0.73874545135	0.711900964533	0.672072677602	0.72792011246	0.703561882743	0.675546938535	0.69949946993	0.650931246341	0.657394348104	0.718284340977	0.631179911302	0.647864184063	0.730626982192	0.648318067599	0.64772052559
PBW50	0.701510363785	0.722209995554	0.735042105438	0.735687642707	0.767890875083	0.731722979025	0.746574997784	0.746274367545	0.721311021069	0.769793907873	0.716070642436	0.761155252963	0.702291711117	0.587299270783	0.745103924501	0.667556655239	0.0	0.615240689502	0.623636345786	0.644430471522	0.656859730546	0.662151742921	0.656796894955	0.663653263656	0.659841671729	0.657956287159	0.694217467197	0.716570937942	0.688346583533	0.717931822054	0.683632201863	0.72734623939	0.663511394664	0.689007058098	0.658719597673	0.679476908421	0.734707671299	0.769314454915	0.72793484797	0.670709648215	0.636499302803	0.742375207913	0.737219005278	0.724104153894	0.695487291481	0.72972111164	0.670576978032	0.691044060287	0.722479446159	0.747889897079	0.646627402648	0.688564462313	0.671532244151	0.590250244201	0.700741421822	0.648798416118	0.654166829968	0.626808983583	0.718648775157	0.661330096675
PBW51	0.724733355116	0.69052762472	0.743164856814	0.734858173478	0.786327423378	0.739735035894	0.756529311183	0.75918556873	0.757212074144	0.753775441863	0.756800097708	0.736403636444	0.682890783435	0.5893227164	0.667517516285	0.566058499413	0.615240689502	0.0	0.604364028389	0.571038322071	0.67940233726	0.720354519021	0.711180314301	0.651479063048	0.681642377443	0.696608285668	0.7240623628	0.762213443998	0.699548673618	0.779551971897	0.736613175145	0.724068305536	0.702467221382	0.72092419921	0.707120192192	0.689830190715	0.76646905801	0.740966157821	0.747191699536	0.684214208118	0.67476184396	0.716912820014	0.7224595858	0.765288407123	0.752434165164	0.743581015076	0.69421725475	0.706101643918	0.750106601665	0.729328975771	0.678332930341	0.722534949288	0.644279150496	0.642389309513	0.738569853362	0.66379159405	0.653711182449	0.717829974612	0.678990192699	0.657916090977
PBW52	0.704125327126	0.673911151786	0.72942453928	0.72287372587	0.702144517306	0.721242336122	0.734111996311	0.714254853726	0.727815288001	0.755302301161	0.736306616482	0.720844059561	0.65457627243	0.568350119488	0.682868333556	0.541163310312	0.623636345786	0.604364028389	0.0	0.618037184922	0.592038694485	0.707314405223	0.718504570952	0.676248535396	0.710624776675	0.691259228383	0.755689152562	0.799193251719	0.713653588166	0.750707303326	0.760579289025	0.728643086528	0.729707254425	0.746628629426	0.706229430541	0.69656871543	0.730364006417	0.706190477919	0.714090577397	0.720536307908	0.675766365183	0.649543754366	0.710931115734	0.736089353726	0.730935030052	0.739416504261	0.672311107279	0.676777117556	0.727211721597	0.693693616221	0.682612629303	0.697513667187	0.630652467943	0.638908631738	0.68306123823	0.651992310421	0.642579874975	0.711572965756	0.670656890874	0.627181451995
PBW53	0.737418345717	0.714357163722	0.741807352378	0.739269458083	0.778913178872	0.729222718819	0.777454267168	0.72726217757	0.748182070822	0.750048446624	0.743790146315	0.763619538255	0.67744711928	0.649570540707	0.675092046049	0.618754285574	0.644430471522	0.571038322071	0.618037184922	0.0	0.594437757922	0.729922709469	0.708565020944	0.691717057535	0.690318691259	0.681518477779	0.714118296662	0.758782116523	0.733555935662	0.768696880013	0.740200124409	0.747355726278	0.716384572725	0.719630362582	0.71092631733	0.703135295982	0.749042603801	0.733252615502	0.746525433495	0.711879806557	0.659293898781	0.720126226254	0.740288875254	0.766061481399	0.755879073753	0.73042394924	0.666145909649	0.750555512025	0.752480481735	0.722998744474	0.679948484791	0.665452040652	0.702347961672	0.648335865377	0.718621638359	0.655686741874	0.647307921348	0.704942496884	0.690397267503	0.647823039058
PBW54	0.756554920802	0.743076904221	0.751402682435	0.731801854037	0.76718023955	0.744264883063	0.778723262223	0.747429427521	0.757690992542	0.754382927771	0.733868667016	0.718357224329	0.72885003785	0.686829952269	0.637442328398	0.662456893138	0.656859730546	0.67940233726	0.592038694485	0.594437757922	0.0	0.681011397196	0.70248186908	0.720171093398	0.768135469975	0.725368657158	0.750644535887	0.765834820602	0.737819702968	0.735114798768	0.735213440096	0.712980971456	0.717450103863	0.736341429079	0.691076641151	0.708929553839	0.722258594887	0.68287261022	0.730547226073	0.722179638741	0.702622955892	0.703351792503	0.703306063493	0.712604150707	0.743973099947	0.688780612566	0.608841918513	0.710645615098	0.715424704845	0.682338671155	0.683144868738	0.689827918982	0.674275309465	0.66113908888	0.717923414011	0.734768724612	0.668134724632	0.71784198285	0.68350380371	0.67475374009
PBW55	0.723028805893	0.751656854675	0.750803307978	0.746295306162	0.724955765209	0.770875428103	0.761298405404	0.741223173542	0.731815559794	0.749492114617	0.739247854819	0.719233639247	0.745195564259	0.673508958245	0.688822404272	0.713428898403	0.662151742921	0.720354519021	0.707314405223	0.729922709469	0.681011397196	0.0	0.65393762198	0.715657074975	0.705879343066	0.697631963638	0.664781034386	0.69192533811	0.689825464826	0.639657223855	0.718053326835	0.684314648957	0.643119940893	0.675254724891	0.667199065531	0.675072014213	0.708148597908	0.735539598825	0.717916170044	0.714024107484	0.750128552218	0.761127906836	0.733483553881	0.725780927923	0.734202535416	0.700160847361	0.700307144683	0.739490524884	0.68936441361	0.717159554201	0.719204896369	0.706778857841	0.697288210587	0.696800950908	0.707942894161	0.735613129068	0.672835993424	0.687865489744	0.707747613185	0.722518943792
PBW56	0.650901590844	0.771418690666	0.705281038479	0.700194407191	0.73127160225	0.717322862943	0.729543092303	0.707365708152	0.679776116521	0.739157464678	0.679225272603	0.751875086511	0.720704132623	0.687346156433	0.744765433662	0.72807569462	0.656796894955	0.711180314301	0.718504570952	0.708565020944	0.70248186908	0.65393762198	0.0	0.675380992587	0.723287938165	0.663387422688	0.604327951105	0.666337226364	0.728200473358	0.683732184291	0.66638015359	0.708661307935	0.651093929448	0.670726056391	0.676066040692	0.690222417608	0.674619324363	0.718870754948	0.703814193679	0.631283075235	0.717190327142	0.754138959938	0.681823151167	0.7039647135	0.708986658479	0.70673548039	0.697152282741	0.716526632741	0.713162823332	0.718122064281	0.729670639621	0.685990876226	0.693274094489	0.716944254636	0.673717169297	0.639297196781	0.700115173587	0.688930897774	0.643601438051	0.707571838508
PBW58	0.71185268515	0.704561870599	0.720902623415	0.682888992452	0.735192440802	0.700347940733	0.725558035957	0.731955935612	0.680798043124	0.728611871359	0.720494273185	0.611000419511	0.653168654323	0.63566705472	0.738022351627	0.689302970851	0.663653263656	0.651479063048	0.676248535396	0.691717057535	0.720171093398	0.715657074975	0.675380992587	0.0	0.679971374695	0.617982289979	0.690623615075	0.710070750999	0.655393220798	0.709001853309	0.639052139753	0.707810079661	0.692772052658	0.704378723262	0.691097039682	0.708724277725	0.696954345233	0.693645242754	0.694924339892	0.675511937513	0.694269273251	0.668982519616	0.715627632452	0.701206521984	0.707157373695	0.692387160786	0.723794122546	0.741393273707	0.740034627454	0.752660838315	0.736766439355	0.67513288225	0.686298921374	0.691190257403	0.705834127465	0.628008887366	0.719676713364	0.711727417492	0.684170244602	0.704150011709
PBW59	0.709577084318	0.751377720082	0.742265198772	0.725762527699	0.764843139313	0.731175245277	0.76141793173	0.749101071437	0.740292201874	0.76157722866	0.725129238113	0.780542717728	0.706449234762	0.661257636377	0.778961793391	0.73066115257	0.659841671729	0.681642377443	0.710624776675	0.690318691259	0.768135469975	0.705879343066	0.723287938165	0.679971374695	0.0	0.670328298785	0.717266872052	0.766943354611	0.698471855187	0.729804383393	0.691048768883	0.720427765976	0.68695251511	0.714086534384	0.713758103352	0.734505756348	0.741371676565	0.795214218571	0.726759662459	0.703907529929	0.685604228754	0.729861357109	0.742277632752	0.767122531436	0.68015380195	0.723744632127	0.732638992978	0.729463248598	0.773305016321	0.802493484835	0.675164582379	0.686562391479	0.749339396825	0.66733460013	0.748877629115	0.684478073182	0.714539598081	0.710925274227	0.715424165205	0.705160483252
PBW60	0.693508078746	0.71358537469	0.72284435075	0.738509891109	0.757862090486	0.728819848926	0.757815911765	0.736539013802	0.74522519824	0.779017619316	0.710893962104	0.72103808912	0.681783001413	0.60206737514	0.7210271693	0.705354278408	0.657956287159	0.696608285668	0.691259228383	0.681518477779	0.725368657158	0.697631963638	0.663387422688	0.617982289979	0.670328298785	0.0	0.710810150447	0.714214221127	0.632815394859	0.680308560575	0.646562069449	0.734244326891	0.722162297026	0.697373488795	0.700194302899	0.699588003439	0.750314699218	0.728673360282	0.75019700519	0.671314379419	0.679635122806	0.723770615471	0.718752125809	0.734723306239	0.714416363489	0.713083919531	0.706050150828	0.73671191907	0.746855015049	0.764770532267	0.724129859635	0.703413841562	0.730000460974	0.694599042563	0.704402386469	0.672131887416	0.662208941022	0.662175169735	0.664395691862	0.655887392589
PEP16	0.67667174114	0.799308233793	0.733288037119	0.734150630026	0.774465356977	0.732442372339	0.738719976117	0.726594521631	0.734076919416	0.748537842188	0.711535066842	0.737540788009	0.748369841703	0.687639968454	0.760669458109	0.741697344598	0.694217467197	0.7240623628	0.755689152562	0.714118296662	0.750644535887	0.664781034386	0.604327951105	0.690623615075	0.717266872052	0.710810150447	0.0	0.663597211567	0.703274247923	0.696226938458	0.677961616644	0.697420284913	0.6226107546	0.672358834798	0.646842897802	0.704986232973	0.709775138387	0.768379817562	0.727252316359	0.700452220117	0.718587404101	0.750457824251	0.730004468725	0.736480117247	0.70182747326	0.736609296067	0.717780814636	0.73521419839	0.714304221782	0.761942323029	0.699018505671	0.71280876927	0.708291059676	0.726783880732	0.716947657982	0.687884712386	0.733779744699	0.726738796753	0.71529115597	0.758308988955
PEP18	0.72860712247	0.751158873048	0.756929418223	0.76166997124	0.759359484699	0.745755626996	0.750419206488	0.769441083593	0.707193276008	0.756238893367	0.75756248963	0.721924217075	0.747645177132	0.737049375665	0.762415873768	0.792693067573	0.716570937942	0.762213443998	0.799193251719	0.758782116523	0.765834820602	0.69192533811	0.666337226364	0.710070750999	0.766943354611	0.714214221127	0.663597211567	0.0	0.688107999279	0.627569054719	0.7017889748	0.647026809243	0.65186816392	0.635435248957	0.709127325379	0.706440320895	0.730324061078	0.758752471763	0.764400286495	0.767966459872	0.776356028786	0.783736326819	0.758577750948	0.750160663292	0.748781941	0.740920739642	0.713899469208	0.785516931486	0.712291597581	0.782491053942	0.722245958439	0.701702252852	0.703234268445	0.737005152545	0.726709502518	0.699000804045	0.700954136297	0.672607753953	0.756132775521	0.730539365472
PEP21	0.73839709471	0.732702026994	0.761750759634	0.77679564023	0.758185202878	0.74682809162	0.80061798356	0.756011167524	0.765527165015	0.779628945068	0.753327011992	0.723421849978	0.709126127254	0.60470048889	0.71538898712	0.699540144437	0.688346583533	0.699548673618	0.713653588166	0.733555935662	0.737819702968	0.689825464826	0.728200473358	0.655393220798	0.698471855187	0.632815394859	0.703274247923	0.688107999279	0.0	0.66207332128	0.680250757825	0.69746960054	0.689177466821	0.673750098143	0.667790415914	0.695066052025	0.737105516653	0.733071963873	0.746403144088	0.704050144815	0.677615598964	0.745109753676	0.740986690197	0.75309870226	0.732213777567	0.711024354832	0.705704424948	0.782725106669	0.733483847482	0.753510089872	0.739099718319	0.735674577169	0.741424873139	0.714381924163	0.724469863215	0.658574261643	0.676589213457	0.646901013353	0.732329380596	0.697407316386
PEP23	0.698057623371	0.760623262383	0.748236394605	0.774609308463	0.707730471924	0.743964550898	0.773470708977	0.770249081409	0.753729863494	0.761923121512	0.734534424847	0.722561280704	0.761810113474	0.682758163773	0.724333913675	0.767027557409	0.717931822054	0.779551971897	0.750707303326	0.768696880013	0.735114798768	0.639657223855	0.683732184291	0.709001853309	0.729804383393	0.680308560575	0.696226938458	0.627569054719	0.66207332128	0.0	0.6756269739	0.70200210067	0.627728179045	0.635108762491	0.649858920416	0.654962916012	0.725965497158	0.733946572466	0.709976518737	0.722313371314	0.736820471819	0.72173363187	0.718128040436	0.731443628069	0.69828641065	0.698206009081	0.714509527173	0.739172377942	0.707279090133	0.747462973715	0.744345976846	0.703448425625	0.716013178046	0.722305708068	0.715033502002	0.710550839794	0.725912573651	0.683254337247	0.706960606253	0.705063389196
PEP24	0.657573338167	0.756819960011	0.713466343842	0.708917341996	0.763691404983	0.680621830365	0.751736353538	0.727380592004	0.696719559932	0.755565511017	0.709686818951	0.735748188394	0.730675028798	0.685461817097	0.734022489215	0.75498020906	0.683632201863	0.736613175145	0.760579289025	0.740200124409	0.735213440096	0.718053326835	0.66638015359	0.639052139753	0.691048768883	0.646562069449	0.677961616644	0.7017889748	0.680250757825	0.6756269739	0.0	0.69045112143	0.667061750764	0.665344559165	0.666726491046	0.682987976752	0.703989479542	0.752924267961	0.734079978254	0.677155514451	0.682046768649	0.718939992542	0.710484927927	0.715285672017	0.674411637284	0.699685783368	0.717799920939	0.765051745605	0.768641055717	0.753057177696	0.690889829695	0.701186091774	0.736513131649	0.728276095737	0.735748408424	0.697607145403	0.731732020828	0.683632756233	0.665942324104	0.73217999817
PEP26	0.68803999141	0.700484116824	0.71315247176	0.714015098313	0.738356387156	0.735708926634	0.715406161733	0.697598269413	0.670759680742	0.745180689304	0.676714221055	0.709771905233	0.649093812575	0.701942928208	0.730943495354	0.768365526094	0.72734623939	0.724068305536	0.728643086528	0.747355726278	0.712980971456	0.684314648957	0.708661307935	0.707810079661	0.720427765976	0.734244326891	0.697420284913	0.647026809243	0.69746960054	0.70200210067	0.69045112143	0.0	0.617252567936	0.652462555824	0.631237071182	0.68824063017	0.722175003981	0.700883142218	0.685605870816	0.749825649972	0.711361613922	0.723733505056	0.735220656504	0.6758317001	0.698846917184	0.665948419387	0.706479992402	0.773562325347	0.67223299832	0.714427002169	0.742829329523	0.689575672069	0.673635735499	0.711799477198	0.728290083272	0.648162943078	0.697991896374	0.685720726706	0.704529813158	0.707049295099
PEP27	0.647936943876	0.745993013884	0.681966664895	0.707309210998	0.723058035916	0.709756255297	0.734405986538	0.70294938011	0.714108118113	0.714263213321	0.693714647873	0.734477680104	0.705733745331	0.685027849306	0.721700237956	0.729998479983	0.663511394664	0.702467221382	0.729707254425	0.716384572725	0.717450103863	0.643119940893	0.651093929448	0.692772052658	0.68695251511	0.722162297026	0.6226107546	0.65186816392	0.689177466821	0.627728179045	0.667061750764	0.617252567936	0.0	0.603504085911	0.616763883353	0.631427243076	0.713241153669	0.7478813838	0.698462623137	0.670345132655	0.683435826156	0.70659083088	0.714379965059	0.716339335818	0.646189345416	0.692816857376	0.727210743504	0.756260614674	0.659771562113	0.733819814626	0.697262853815	0.683843571779	0.696204953089	0.667551408611	0.69079233747	0.669340705033	0.707385219232	0.69120400359	0.686015434795	0.703189636407
PEP28	0.682731246536	0.744116337307	0.668614771934	0.706758116538	0.750712995741	0.700907672962	0.732062042508	0.701632335281	0.717196300418	0.717901237351	0.701249445685	0.750316232131	0.702274333879	0.694915350983	0.712898128462	0.743372474249	0.689007058098	0.72092419921	0.746628629426	0.719630362582	0.736341429079	0.675254724891	0.670726056391	0.704378723262	0.714086534384	0.697373488795	0.672358834798	0.635435248957	0.673750098143	0.635108762491	0.665344559165	0.652462555824	0.603504085911	0.0	0.623078545143	0.617515686888	0.743671071327	0.72354253165	0.715104855143	0.649635903753	0.686667921984	0.73601192702	0.713725801032	0.7133194405	0.663670636473	0.697495284224	0.740451976605	0.726796606421	0.711277578467	0.73222062985	0.683247695871	0.679046601576	0.702554634861	0.71795241619	0.707987786177	0.694423470869	0.711958551032	0.674848140883	0.683687713674	0.730127086821
PEP29	0.667908952704	0.768283118308	0.709678285239	0.739748934737	0.736062405691	0.728925949387	0.74712791423	0.707357155423	0.736166772983	0.756134485859	0.710339954221	0.732679795176	0.703677460249	0.687490769348	0.715341781292	0.702697476093	0.658719597673	0.707120192192	0.706229430541	0.71092631733	0.691076641151	0.667199065531	0.676066040692	0.691097039682	0.713758103352	0.700194302899	0.646842897802	0.709127325379	0.667790415914	0.649858920416	0.666726491046	0.631237071182	0.616763883353	0.623078545143	0.0	0.61893484845	0.742476103431	0.731789807852	0.703506485527	0.688029709338	0.676781549245	0.718661627846	0.710323338873	0.684372293188	0.656202456865	0.694964354183	0.672291752133	0.721191940863	0.68855479406	0.731024225455	0.674976515638	0.648568988177	0.68834712697	0.706410507347	0.70514812891	0.69368273685	0.686491525671	0.732398990771	0.708093264263	0.724341533785
PEP30	0.674324706871	0.751417721059	0.678463637505	0.715972836291	0.730215521452	0.689338187721	0.74173107386	0.670170064006	0.719943969815	0.711762894297	0.675550554267	0.711445409831	0.691214190843	0.718338989022	0.714744337817	0.698502357931	0.679476908421	0.689830190715	0.69656871543	0.703135295982	0.708929553839	0.675072014213	0.690222417608	0.708724277725	0.734505756348	0.699588003439	0.704986232973	0.706440320895	0.695066052025	0.654962916012	0.682987976752	0.68824063017	0.631427243076	0.617515686888	0.61893484845	0.0	0.715534851212	0.685033704185	0.69330019695	0.700852526504	0.6874679611	0.70743428253	0.705215074918	0.69894096717	0.711210527197	0.724993436946	0.694006997574	0.728508057953	0.718177942503	0.717410100619	0.701956966223	0.707806771222	0.674948447877	0.684834434146	0.70347182025	0.710786722572	0.694913738057	0.694494658085	0.654459572241	0.687925081612
PIS1	0.619139129679	0.668691874806	0.688112455826	0.693242045774	0.636296778842	0.661846051776	0.703455048854	0.663223282986	0.68059619685	0.669073962351	0.6611222925	0.708639419921	0.715934258883	0.737851931053	0.723098464762	0.766170467118	0.734707671299	0.76646905801	0.730364006417	0.749042603801	0.722258594887	0.708148597908	0.674619324363	0.696954345233	0.741371676565	0.750314699218	0.709775138387	0.730324061078	0.737105516653	0.725965497158	0.703989479542	0.722175003981	0.713241153669	0.743671071327	0.742476103431	0.715534851212	0.0	0.696571880057	0.700107981831	0.686981817944	0.695647240348	0.670004049116	0.610045797056	0.665834138184	0.682325412145	0.691339586137	0.677250174393	0.675798291596	0.732518837826	0.727902925826	0.75661600035	0.727735747958	0.709906271825	0.718841542019	0.669749988893	0.713469733616	0.724617852179	0.712297612347	0.649764604414	0.702075282393
PIS2	0.745798680452	0.727371840993	0.704283944105	0.702514316983	0.72270299021	0.673197829688	0.763539585699	0.698899095014	0.746617644057	0.725040469298	0.701253757909	0.677989605138	0.70551720027	0.724787380249	0.672376120902	0.704795891129	0.769314454915	0.740966157821	0.706190477919	0.733252615502	0.68287261022	0.735539598825	0.718870754948	0.693645242754	0.795214218571	0.728673360282	0.768379817562	0.758752471763	0.733071963873	0.733946572466	0.752924267961	0.700883142218	0.7478813838	0.72354253165	0.731789807852	0.685033704185	0.696571880057	0.0	0.695507110671	0.678961199102	0.746217982509	0.693129066649	0.666724638823	0.689532603206	0.757866425371	0.682917797315	0.688516471887	0.703161661248	0.735576598049	0.711525057763	0.715063837826	0.72214826896	0.701790120813	0.732840703484	0.732824235892	0.738351498264	0.749762427684	0.770327684941	0.671693400648	0.689835984938
PIS4	0.662660884022	0.732777360109	0.658960131718	0.695962277048	0.707037555824	0.695107574355	0.687873904881	0.663183240687	0.65519200268	0.674406671584	0.648397948627	0.716597827129	0.687019554691	0.719946410435	0.745675675145	0.730114834347	0.72793484797	0.747191699536	0.714090577397	0.746525433495	0.730547226073	0.717916170044	0.703814193679	0.694924339892	0.726759662459	0.75019700519	0.727252316359	0.764400286495	0.746403144088	0.709976518737	0.734079978254	0.685605870816	0.698462623137	0.715104855143	0.703506485527	0.69330019695	0.700107981831	0.695507110671	0.0	0.655176493523	0.733783391841	0.683327947945	0.696543366281	0.701128601059	0.678085514763	0.676794115574	0.720437454149	0.726855159906	0.706244169251	0.76776135469	0.730974926964	0.659374953546	0.721731894763	0.747159330625	0.69519474242	0.665973596719	0.751303757479	0.741468358746	0.680048451539	0.714163900842
PIS5	0.696460872224	0.733665424615	0.70565507885	0.699265689227	0.744234665258	0.711324114412	0.727046289559	0.671528837596	0.678963813781	0.695211518467	0.715866105131	0.744995466564	0.724046793364	0.66007723934	0.691011601175	0.686951327359	0.670709648215	0.684214208118	0.720536307908	0.711879806557	0.722179638741	0.714024107484	0.631283075235	0.675511937513	0.703907529929	0.671314379419	0.700452220117	0.767966459872	0.704050144815	0.722313371314	0.677155514451	0.749825649972	0.670345132655	0.649635903753	0.688029709338	0.700852526504	0.686981817944	0.678961199102	0.655176493523	0.0	0.698918184878	0.682117386242	0.646354241011	0.695763933297	0.623805283832	0.651262863618	0.681170331064	0.673706201839	0.710513602993	0.701807559317	0.648969899403	0.629313937243	0.676778546551	0.715991803757	0.669199079286	0.674663231234	0.73476808218	0.731739317506	0.629940407408	0.698887849393
PIS7	0.669380046661	0.650336094888	0.660084842937	0.699053174191	0.751207709319	0.666277674148	0.699997925295	0.640960667566	0.673638971809	0.731418284997	0.667880806558	0.761459557659	0.62572831816	0.685240195931	0.73489287878	0.672245826332	0.636499302803	0.67476184396	0.675766365183	0.659293898781	0.702622955892	0.750128552218	0.717190327142	0.694269273251	0.685604228754	0.679635122806	0.718587404101	0.776356028786	0.677615598964	0.736820471819	0.682046768649	0.711361613922	0.683435826156	0.686667921984	0.676781549245	0.6874679611	0.695647240348	0.746217982509	0.733783391841	0.698918184878	0.0	0.715351764596	0.672928077237	0.69570264267	0.692229413123	0.719973212976	0.711594199324	0.709078361604	0.763099634381	0.728528887635	0.698727112565	0.707764629963	0.725821753201	0.647252796044	0.670886237146	0.635121637967	0.668582385823	0.657914664378	0.695019031347	0.665689663862
PIS9	0.663271444992	0.695418249889	0.662525310275	0.646620979933	0.698627803677	0.677805912971	0.656530228165	0.654245101986	0.67916081679	0.67244330845	0.685270597462	0.6701258279	0.701812161122	0.689271302437	0.678897237896	0.706407878908	0.742375207913	0.716912820014	0.649543754366	0.720126226254	0.703351792503	0.761127906836	0.754138959938	0.668982519616	0.729861357109	0.723770615471	0.750457824251	0.783736326819	0.745109753676	0.72173363187	0.718939992542	0.723733505056	0.70659083088	0.73601192702	0.718661627846	0.70743428253	0.670004049116	0.693129066649	0.683327947945	0.682117386242	0.715351764596	0.0	0.642283515695	0.653666894182	0.636880164083	0.613407152872	0.695808789212	0.656869541106	0.726673333515	0.727481902938	0.680457554335	0.656577652544	0.635809450701	0.699259093438	0.687387807436	0.716884460427	0.763165265617	0.768653554518	0.692017951414	0.678932745608
PIS10	0.640392623073	0.680108965569	0.67120356238	0.635538683494	0.674005070494	0.6561441202	0.71037201246	0.651305079329	0.683930477251	0.645889863955	0.620588349269	0.687121375614	0.673459297438	0.701231584568	0.722261683742	0.744782695373	0.737219005278	0.7224595858	0.710931115734	0.740288875254	0.703306063493	0.733483553881	0.681823151167	0.715627632452	0.742277632752	0.718752125809	0.730004468725	0.758577750948	0.740986690197	0.718128040436	0.710484927927	0.735220656504	0.714379965059	0.713725801032	0.710323338873	0.705215074918	0.610045797056	0.666724638823	0.696543366281	0.646354241011	0.672928077237	0.642283515695	0.0	0.688901932397	0.649132013575	0.656422870125	0.652837618802	0.648155556	0.694471667059	0.709306550119	0.720976077211	0.688393101221	0.661935083754	0.720235366584	0.664690183016	0.718019626185	0.725826462517	0.750192146168	0.647147599314	0.665804125672
PIS11	0.675800516141	0.687230599657	0.629451354355	0.662382727628	0.699217732148	0.657837929631	0.710316885807	0.663910264528	0.703790350101	0.71226114938	0.679107083135	0.680458361085	0.710259137064	0.743009756284	0.710726472597	0.749409810336	0.724104153894	0.765288407123	0.736089353726	0.766061481399	0.712604150707	0.725780927923	0.7039647135	0.701206521984	0.767122531436	0.734723306239	0.736480117247	0.750160663292	0.75309870226	0.731443628069	0.715285672017	0.6758317001	0.716339335818	0.7133194405	0.684372293188	0.69894096717	0.665834138184	0.689532603206	0.701128601059	0.695763933297	0.69570264267	0.653666894182	0.688901932397	0.0	0.647264854729	0.635421816629	0.697221768996	0.711225893279	0.706130779008	0.69855420254	0.737315972822	0.727820118193	0.712014293515	0.715944843867	0.674618982929	0.723371170213	0.713792424266	0.717917296732	0.684085107018	0.694541714957
