	PAM31	PAM32	PAM33	PAM35	PAM36	PAM37	PAM39	PAM40	PAM41	PAM42	PAM43	PAM44	PAM45	PBW46	PBW47	PBW49	PBW50	PBW51	PBW52	PBW53	PBW54	PBW55	PBW56	PBW58	PBW59	PBW60	PEP16	PEP18	PEP21	PEP23	PEP24	PEP26	PEP27	PEP28	PEP29	PEP30	PIS1	PIS2	PIS4	PIS5	PIS7	PIS9	PIS10	PIS11	PIS14	PIS15	PLL76	PLL77	PLL79	PLL80	PLL83	PLL88	PLL89	PLL90	PPO64	PPO66	PPO67	PPO69	PPO72	PPO75
PAM31	0.0	0.663071951933	0.676314853105	0.651438987595	0.611038242256	0.616592133802	0.586151937808	0.581552224835	0.657220729005	0.660073940203	0.686525458583	0.612105505577	0.618227295946	0.688473544184	0.765110194444	0.717357394993	0.655453532635	0.694941411976	0.71145988458	0.642790643572	0.70806464898	0.733576045639	0.703788302533	0.66637474371	0.67816159498	0.684967951474	0.710806439899	0.715776956399	0.729537549578	0.695060672673	0.701974400271	0.695502751073	0.663013536705	0.687909439664	0.681078758452	0.731183583248	0.708128705756	0.70577895162	0.617530885028	0.748234117991	0.734238980515	0.670057634205	0.692093783853	0.63229516533	0.688322077937	0.636510171097	0.720457291433	0.749515404544	0.724651987884	0.721798114304	0.707796618583	0.696084633165	0.725847456223	0.658412231452	0.662166671914	0.666415953174	0.636284575193	0.678924942136	0.661461202655	0.61668945857
PAM32	0.663071951933	0.0	0.737261942054	0.681190780596	0.713727612348	0.678124437539	0.709658103901	0.595528049298	0.612680127757	0.682461069762	0.698222064897	0.710488019621	0.686307760177	0.755148301271	0.761627733878	0.749606299213	0.78117969974	0.757121998013	0.674114891428	0.746705528096	0.68899521906	0.733739519671	0.77500889168	0.719487048377	0.734675593986	0.718574568267	0.781715919317	0.75209784139	0.75946028162	0.751673084532	0.765490677558	0.63774795971	0.731601323003	0.752948382807	0.760168141722	0.73552126798	0.722862231899	0.700884233672	0.715165625896	0.721908826177	0.769855754471	0.664855329985	0.68245031137	0.730887319729	0.686232357811	0.770979787713	0.728679063584	0.750343401056	0.740980660504	0.72414366858	0.735273725828	0.716829872378	0.679061620303	0.720637234144	0.685458729932	0.762869718502	0.72776279815	0.76126562601	0.72280868643	0.749580895407
PAM33	0.676314853105	0.737261942054	0.0	0.68842914926	0.716430462346	0.618740910035	0.720117501282	0.656398555449	0.661002529494	0.676179755273	0.687229480319	0.783699537372	0.669350339404	0.768352461238	0.787687975975	0.805279764452	0.765700648267	0.764261527468	0.781323404881	0.800953760375	0.765913313965	0.783915967956	0.720576684563	0.761532639814	0.734775115469	0.74818722157	0.729517457823	0.789703182927	0.729995002627	0.779526509398	0.737672013017	0.77755026351	0.708081721963	0.790304828296	0.757766365391	0.767325830545	0.698631471579	0.75582787733	0.739324338768	0.725548162626	0.750943290265	0.770832117852	0.710189536354	0.699537365497	0.683868963529	0.719554609215	0.729277752852	0.760739074749	0.745277604344	0.757782506476	0.747213078588	0.777279871065	0.756157347022	0.723639488252	0.712829980343	0.749655956596	0.739016889933	0.769907722071	0.741779984311	0.769354499962
PAM35	0.651438987595	0.681190780596	0.68842914926	0.0	0.657210462282	0.657849464701	0.629238720697	0.638671207243	0.644409925988	0.621123122502	0.597241736185	0.695419877526	0.688648720553	0.742484423276	0.738263687007	0.772713390465	0.719219522327	0.781178077642	0.740057098528	0.731212493776	0.695886657183	0.699579888491	0.730400922739	0.702598416371	0.732674301753	0.675006561135	0.73899740317	0.699645437727	0.753595713655	0.699146789406	0.688298531072	0.690740849691	0.700680002526	0.720843110928	0.710834842958	0.701112921215	0.644663515052	0.683534347629	0.695422092021	0.695175388064	0.683287751817	0.682746675009	0.634064575285	0.646279006956	0.662225242054	0.688048742392	0.688241011729	0.733772338398	0.755736186624	0.745973746006	0.747171003383	0.662535964666	0.712643513392	0.730693215228	0.661575944028	0.732655433834	0.727650839981	0.707412546891	0.698399359095	0.710269077834
PAM36	0.611038242256	0.713727612348	0.716430462346	0.657210462282	0.0	0.667545479374	0.686918930754	0.667127562079	0.644109637847	0.672415589626	0.668471990379	0.691710776152	0.606483995495	0.700938263301	0.758810261224	0.722356843532	0.70125251751	0.717305070171	0.708257714567	0.729144740806	0.732127474916	0.77066001289	0.72165223154	0.69196529493	0.695263264506	0.737996299811	0.706833552852	0.768124171189	0.720205169933	0.752466887825	0.733278519175	0.739505436761	0.707436037702	0.720144311799	0.735069976555	0.727969942401	0.727951581671	0.714332093683	0.690865808924	0.764857698322	0.773531687458	0.695362852756	0.702738404005	0.709322384165	0.706792887102	0.634615875661	0.680152597583	0.725530336169	0.712422045681	0.686775340372	0.722787916843	0.747546261615	0.721670894466	0.685498071525	0.727908124565	0.691135508131	0.675914185347	0.702102613241	0.680878914088	0.713888011896
PAM37	0.616592133802	0.678124437539	0.618740910035	0.657849464701	0.667545479374	0.0	0.66647299465	0.60786409293	0.581753124641	0.646992812825	0.642886724861	0.726556081437	0.641831396669	0.723835779005	0.741797165931	0.748016817812	0.725735565086	0.70897441803	0.703029172738	0.731126309913	0.693632203618	0.722584227332	0.724074138375	0.698047605586	0.716053120297	0.714506037731	0.728799429588	0.756888941975	0.699946691695	0.717725395373	0.723326637675	0.739299981166	0.661397237091	0.746473767019	0.687681243384	0.708724262717	0.666718239525	0.705719599704	0.685307153953	0.699409461535	0.740960909325	0.704316996306	0.657276252715	0.664836196404	0.633455694523	0.637057654597	0.682487855912	0.722483315866	0.720142225571	0.714800750436	0.691555601079	0.701400924365	0.713329149282	0.731945850672	0.670118048342	0.731799919422	0.674205857188	0.751796618142	0.697688387781	0.710232749236
PAM39	0.586151937808	0.709658103901	0.720117501282	0.629238720697	0.686918930754	0.66647299465	0.0	0.624790880035	0.683053242844	0.698730679489	0.685535883692	0.703363222887	0.711388624323	0.763596816266	0.774762591957	0.795909855775	0.733192150486	0.773926951577	0.744142583863	0.755739058255	0.741158500132	0.724990202211	0.716309569168	0.711835847771	0.703835765741	0.736270119104	0.751499365213	0.764240933369	0.753102588673	0.730465582324	0.703749458969	0.725055289084	0.696177286317	0.722101348695	0.69156078754	0.748859091091	0.70793989226	0.753253118848	0.652527694474	0.746286347882	0.73979786915	0.675357974398	0.663959442273	0.673983611237	0.695518275542	0.712624051212	0.713341605726	0.719596320251	0.755895662815	0.737774113367	0.735462199145	0.706081928358	0.725319138898	0.737146535151	0.706164228737	0.717034163084	0.722914300313	0.763107868642	0.744565565894	0.710516576619
PAM40	0.581552224835	0.595528049298	0.656398555449	0.638671207243	0.667127562079	0.60786409293	0.624790880035	0.0	0.551085251052	0.608396112831	0.657389163491	0.710088187737	0.599093903818	0.783580283465	0.742303416769	0.778012104912	0.740394236435	0.754189038792	0.716426031845	0.753859437681	0.711887608075	0.757448187038	0.761346573591	0.715152483318	0.708348749838	0.691674363484	0.782192328212	0.745141378755	0.733190730378	0.723627471545	0.708389970456	0.663642081227	0.731171304615	0.730545294409	0.70247135528	0.754079998475	0.736146136223	0.694976361149	0.672705826499	0.729340124613	0.758550463623	0.667891591736	0.684810253872	0.641852282449	0.670778413287	0.735302145287	0.69905229171	0.739900816531	0.728236243421	0.748039212532	0.711865454197	0.651788428008	0.721461454019	0.729118132583	0.659782824735	0.733324673633	0.725441857739	0.726872119968	0.724584264868	0.728517161796
PAM41	0.657220729005	0.612680127757	0.661002529494	0.644409925988	0.644109637847	0.581753124641	0.683053242844	0.551085251052	0.0	0.587473638475	0.620690997086	0.716293591232	0.583764075265	0.751552368163	0.743392101632	0.772979101244	0.769952643244	0.747839174766	0.700014043126	0.752824666465	0.705664568818	0.729433578497	0.716997307733	0.721274436116	0.689731594061	0.709281353459	0.734839580658	0.743843462026	0.715764038882	0.722432863669	0.711278178242	0.667193088485	0.691758862443	0.72195030025	0.699204736166	0.717381480899	0.685936945948	0.687088944762	0.660632358109	0.717343268438	0.739677905972	0.69428566654	0.665168098874	0.662641691769	0.677291187246	0.681113003282	0.69562202233	0.734314144052	0.715217421625	0.745373403438	0.724394748389	0.732239512701	0.706592816958	0.712306783617	0.696660052562	0.741547065112	0.696103917029	0.726254630244	0.669503274226	0.718536622825
PAM42	0.660073940203	0.682461069762	0.676179755273	0.621123122502	0.672415589626	0.646992812825	0.698730679489	0.608396112831	0.587473638475	0.0	0.616216113074	0.724140350028	0.679813104517	0.77197681769	0.760620005554	0.77130139282	0.777809475461	0.790760980893	0.750172832971	0.754544908787	0.722171905574	0.735604724977	0.749315991621	0.703290952865	0.760828246173	0.727221417063	0.767321100547	0.747800866161	0.755552867418	0.72542354562	0.725822263582	0.717159107909	0.731477967734	0.738094076148	0.736481264154	0.744448732061	0.683950703351	0.668887385506	0.698821605562	0.720898155781	0.761574564049	0.67694161667	0.674178368186	0.698329185497	0.644550952182	0.710714262837	0.707305331287	0.737042107521	0.73426606362	0.735108099304	0.757198496666	0.689160600925	0.726674699636	0.742623832719	0.717879135654	0.76751605009	0.722510948277	0.739027161391	0.706521197911	0.725253396067
PAM43	0.686525458583	0.698222064897	0.687229480319	0.597241736185	0.668471990379	0.642886724861	0.685535883692	0.657389163491	0.620690997086	0.616216113074	0.0	0.741652553948	0.662709476272	0.768878061316	0.764419760995	0.777061866381	0.751361129609	0.793557543812	0.751394592084	0.755693449933	0.688654270328	0.682503472036	0.721351926361	0.748900873164	0.759520273141	0.726280328491	0.745123104109	0.737801556192	0.727233331732	0.717924367315	0.737455027449	0.686825655865	0.719302675372	0.730632205111	0.708370285968	0.699740837505	0.674093581595	0.687433370361	0.707103084198	0.694111455089	0.728466714659	0.722695923305	0.647197800681	0.688662582366	0.692322705199	0.724521086313	0.69624447982	0.716612067055	0.745860320175	0.740984877325	0.760821276438	0.728343824579	0.706023147999	0.720543431619	0.726838064426	0.764679020494	0.717682269156	0.701991398096	0.703807729168	0.732242964917
PAM44	0.612105505577	0.710488019621	0.783699537372	0.695419877526	0.691710776152	0.726556081437	0.703363222887	0.710088187737	0.716293591232	0.724140350028	0.741652553948	0.0	0.687922974002	0.703583170577	0.699014299221	0.669154556634	0.714955894512	0.710720901294	0.724600425856	0.671664360075	0.710770375204	0.76490936807	0.726465957546	0.5815530769	0.687918413086	0.717648155828	0.761206378296	0.748227953757	0.756123713735	0.72574998819	0.740150911511	0.68861469162	0.748888613142	0.712190374594	0.68811787675	0.723283426372	0.731687447009	0.705424531243	0.661793329523	0.730136616194	0.727605607748	0.611570866502	0.709963906505	0.725487802871	0.704662634423	0.663563130221	0.732503521296	0.758243843287	0.748368589619	0.740321958218	0.751253955639	0.735217891521	0.695672143731	0.710590372552	0.731991796566	0.678390618527	0.695767202977	0.694214091276	0.691759318023	0.652121713477
PAM45	0.618227295946	0.686307760177	0.669350339404	0.688648720553	0.606483995495	0.641831396669	0.711388624323	0.599093903818	0.583764075265	0.679813104517	0.662709476272	0.687922974002	0.0	0.669396982461	0.762953285386	0.72554547959	0.71863692031	0.682934276111	0.721382564649	0.708601202214	0.719965969661	0.762272635554	0.754236613036	0.678793969767	0.639226037694	0.712425725038	0.732668538038	0.756429831008	0.70521783361	0.752076597373	0.713243229761	0.644927538139	0.708693046319	0.730797698822	0.715615684672	0.717167699329	0.739161497314	0.713063285191	0.705028969619	0.732798081409	0.772144411643	0.715980769438	0.736107051277	0.69334440304	0.709589387863	0.647837463403	0.721008239318	0.761395425474	0.741136570597	0.738376851548	0.726732223813	0.736760241936	0.718600971338	0.685732054887	0.70167683834	0.717599950033	0.644372835425	0.695718342047	0.635415054929	0.659661938907
PBW46	0.688473544184	0.755148301271	0.768352461238	0.742484423276	0.700938263301	0.723835779005	0.763596816266	0.783580283465	0.751552368163	0.77197681769	0.768878061316	0.703583170577	0.669396982461	0.0	0.690756080545	0.609480394166	0.641660323705	0.594180249889	0.673035326089	0.608433078593	0.656008330674	0.720688970727	0.748162973816	0.614333322778	0.653031885046	0.659394245837	0.714264861581	0.798984417223	0.700016078188	0.718051490055	0.737962286994	0.733411638581	0.691062993819	0.705385907923	0.68920390355	0.717154028821	0.733635506763	0.764706927612	0.737527141564	0.709796480116	0.750116686937	0.725726495615	0.72622661208	0.766484981278	0.682965950984	0.656603755638	0.648810002971	0.652914605889	0.681090438696	0.63819671796	0.659464334455	0.742048706716	0.712924528086	0.634690837715	0.671233825029	0.685023228406	0.634516517553	0.717463722672	0.589599988767	0.656878263971
PBW47	0.765110194444	0.761627733878	0.787687975975	0.738263687007	0.758810261224	0.741797165931	0.774762591957	0.742303416769	0.743392101632	0.760620005554	0.764419760995	0.699014299221	0.762953285386	0.690756080545	0.0	0.633834731677	0.768701111824	0.674061395209	0.710910029428	0.699043881046	0.68141562322	0.704770886181	0.746233142618	0.714425906679	0.766362999871	0.760488736152	0.763232621682	0.787047924435	0.734924952479	0.725969346249	0.743174866092	0.742532579058	0.730585924201	0.744805279973	0.695048201656	0.706320196322	0.718301542853	0.706366894201	0.749363109545	0.711752846766	0.737021897891	0.701969961877	0.708881168278	0.793873719308	0.732564338162	0.708989257688	0.717032879623	0.688439135891	0.716563871311	0.707089997457	0.67077057791	0.719334834602	0.679282803589	0.752945196229	0.741327672071	0.766603441549	0.726006332809	0.765883401201	0.734453100475	0.739903280677
PBW49	0.717357394993	0.749606299213	0.805279764452	0.772713390465	0.722356843532	0.748016817812	0.795909855775	0.778012104912	0.772979101244	0.77130139282	0.777061866381	0.669154556634	0.72554547959	0.609480394166	0.633834731677	0.0	0.725186047296	0.609632691626	0.685136691781	0.6398381444	0.639826562245	0.716537564829	0.7716178241	0.682752169298	0.707539080117	0.767883856077	0.769945117261	0.813132658803	0.765737436174	0.75408458033	0.791396460251	0.764142969952	0.738685520234	0.762944199754	0.70921288568	0.749338315125	0.7744445147	0.704083349507	0.75623371101	0.750457576596	0.750008698904	0.736777415297	0.732745978324	0.798042310727	0.758253041516	0.674885308818	0.712871562842	0.711937751644	0.744504550704	0.706153674756	0.699538584947	0.743833724505	0.682047821746	0.683672271403	0.779529261956	0.708839306264	0.671680421286	0.737629551578	0.655586159589	0.690273213532
PBW50	0.655453532635	0.78117969974	0.765700648267	0.719219522327	0.70125251751	0.725735565086	0.733192150486	0.740394236435	0.769952643244	0.777809475461	0.751361129609	0.714955894512	0.71863692031	0.641660323705	0.768701111824	0.725186047296	0.0	0.623701487054	0.70034059976	0.61484589999	0.727912888321	0.708383751416	0.728905038616	0.684257661588	0.7043823953	0.691318563835	0.69952062983	0.716946158346	0.715822472811	0.693189132539	0.713821773335	0.732836860773	0.660734040323	0.696074205145	0.690161226885	0.7462792765	0.760484282613	0.801401840516	0.714163142554	0.754497466396	0.729626292152	0.763428047897	0.751674402889	0.718396667327	0.696071391681	0.683828938959	0.687191275474	0.71111808536	0.740330539588	0.724116899467	0.668539451467	0.697075293371	0.708699356006	0.62614965219	0.680378209852	0.678319082306	0.628422949849	0.653257588242	0.6598455853	0.688915584809
PBW51	0.694941411976	0.757121998013	0.764261527468	0.781178077642	0.717305070171	0.70897441803	0.773926951577	0.754189038792	0.747839174766	0.790760980893	0.793557543812	0.710720901294	0.682934276111	0.594180249889	0.674061395209	0.609632691626	0.623701487054	0.0	0.678488310268	0.664168315288	0.698520104544	0.729237475788	0.728477622036	0.648586948742	0.665676483569	0.735652561465	0.699698763194	0.766888777078	0.705030876925	0.756246420326	0.752302187857	0.735510993884	0.701886033751	0.760242824348	0.690911809107	0.734585589242	0.769557424913	0.777768323506	0.742856094938	0.733717612503	0.770016804703	0.753656394407	0.760523843544	0.775055528001	0.714272633819	0.644590027439	0.671351093166	0.682203488593	0.694961736848	0.644157415759	0.679953720904	0.744833843175	0.706642867437	0.612065493697	0.735806612565	0.685338327	0.646692681302	0.724142024267	0.662591453313	0.705858525799
PBW52	0.71145988458	0.674114891428	0.781323404881	0.740057098528	0.708257714567	0.703029172738	0.744142583863	0.716426031845	0.700014043126	0.750172832971	0.751394592084	0.724600425856	0.721382564649	0.673035326089	0.710910029428	0.685136691781	0.70034059976	0.678488310268	0.0	0.684855957378	0.611155363207	0.70873443826	0.722458982116	0.650715307112	0.733517671527	0.698195726063	0.727594562074	0.759460466471	0.765886503387	0.719650834496	0.785706728362	0.73190499647	0.705301058482	0.769670204333	0.730387536445	0.706288210905	0.777667445898	0.692469402689	0.719395244033	0.768225993961	0.756285120806	0.706467438867	0.707964502388	0.772204185465	0.711471165074	0.731748548846	0.60544036048	0.66830057093	0.666755620921	0.650345601107	0.693815767792	0.701689025201	0.643482720448	0.719306662335	0.682644695605	0.732684658819	0.713764130535	0.738183541262	0.698371917851	0.721128189429
PBW53	0.642790643572	0.746705528096	0.800953760375	0.731212493776	0.729144740806	0.731126309913	0.755739058255	0.753859437681	0.752824666465	0.754544908787	0.755693449933	0.671664360075	0.708601202214	0.608433078593	0.699043881046	0.6398381444	0.61484589999	0.664168315288	0.684855957378	0.0	0.655945671163	0.69300775902	0.754326523504	0.692677103439	0.719294833322	0.702368027689	0.71942078837	0.700111938412	0.752729830444	0.658534449193	0.716083945935	0.702736674539	0.701018217198	0.673483409324	0.699304913876	0.710675017996	0.737251711073	0.750068818534	0.731932182492	0.720824391866	0.750587087063	0.714891246377	0.732684989104	0.727762112222	0.755685674313	0.689181569503	0.695228308651	0.729969895307	0.736112883663	0.722173882333	0.702625714811	0.639619753683	0.673967648636	0.679279799462	0.704752927733	0.714646407533	0.651839336173	0.672974375476	0.656286220209	0.647595436435
PBW54	0.70806464898	0.68899521906	0.765913313965	0.695886657183	0.732127474916	0.693632203618	0.741158500132	0.711887608075	0.705664568818	0.722171905574	0.688654270328	0.710770375204	0.719965969661	0.656008330674	0.68141562322	0.639826562245	0.727912888321	0.698520104544	0.611155363207	0.655945671163	0.0	0.641106866682	0.702066722741	0.683200039374	0.714573942876	0.702454496925	0.733354766795	0.735991164911	0.735614204545	0.69385788227	0.761973262863	0.663178454403	0.68656348065	0.731171256425	0.690746325377	0.664311234565	0.712450414863	0.66054858696	0.717983530373	0.703514481063	0.745386187019	0.710287529467	0.674718263863	0.739776008105	0.705281990644	0.73589728218	0.647548907327	0.683082454866	0.708720736321	0.679800067986	0.701881151623	0.660935563233	0.664653476965	0.711493167435	0.728228496676	0.752522671222	0.689862617319	0.725221190828	0.673825610003	0.70482215229
PBW55	0.733576045639	0.733739519671	0.783915967956	0.699579888491	0.77066001289	0.722584227332	0.724990202211	0.757448187038	0.729433578497	0.735604724977	0.682503472036	0.76490936807	0.762272635554	0.720688970727	0.704770886181	0.716537564829	0.708383751416	0.729237475788	0.70873443826	0.69300775902	0.641106866682	0.0	0.684053292642	0.737008877794	0.747278623619	0.726942941146	0.685528093962	0.706649087391	0.744334400574	0.684776488714	0.743675040597	0.695585472885	0.631888546824	0.725882948607	0.711737115246	0.689508142846	0.728458238746	0.729117191377	0.743068907469	0.705927535715	0.721052719757	0.767681327896	0.694608883854	0.772032952501	0.731267098866	0.730106763689	0.720645991496	0.736586749202	0.72978268195	0.706216253567	0.715028299305	0.715488856443	0.669530761752	0.690458065688	0.742130184355	0.800051997182	0.682304780238	0.723325890664	0.686062489686	0.723672674945
PBW56	0.703788302533	0.77500889168	0.720576684563	0.730400922739	0.72165223154	0.724074138375	0.716309569168	0.761346573591	0.716997307733	0.749315991621	0.721351926361	0.726465957546	0.754236613036	0.748162973816	0.746233142618	0.7716178241	0.728905038616	0.728477622036	0.722458982116	0.754326523504	0.702066722741	0.684053292642	0.0	0.724714178363	0.721874962238	0.709086302969	0.597744046036	0.699364183054	0.720215088929	0.691773005272	0.725720852866	0.739655769743	0.674742155635	0.720688453965	0.705570159002	0.674263076447	0.727730233664	0.720827918041	0.715911539911	0.758589004714	0.757446601948	0.752916782101	0.700698663536	0.745730724822	0.713435779424	0.704541195906	0.672861031935	0.723053937548	0.712524959159	0.684054305157	0.723414196648	0.761715669041	0.708386433092	0.687641808055	0.723135565978	0.693091434241	0.685365157977	0.718926947845	0.738737556549	0.738498001179
PBW58	0.66637474371	0.719487048377	0.761532639814	0.702598416371	0.69196529493	0.698047605586	0.711835847771	0.715152483318	0.721274436116	0.703290952865	0.748900873164	0.5815530769	0.678793969767	0.614333322778	0.714425906679	0.682752169298	0.684257661588	0.648586948742	0.650715307112	0.692677103439	0.683200039374	0.737008877794	0.724714178363	0.0	0.656581566748	0.69599555074	0.724010820378	0.732341967053	0.73045734362	0.738338519878	0.752142260474	0.739078531904	0.71856193767	0.740821729548	0.682444957065	0.7313873979	0.75284471493	0.676234719159	0.723095710568	0.740574125961	0.746699512307	0.678008348931	0.723778160586	0.743763894029	0.664990925925	0.656638429722	0.678413615068	0.703699654652	0.720669736103	0.690201251866	0.708360118815	0.719183969913	0.692091786542	0.686789108638	0.698544540657	0.710875137363	0.701246081452	0.686398042935	0.677858886776	0.716250454142
PBW59	0.67816159498	0.734675593986	0.734775115469	0.732674301753	0.695263264506	0.716053120297	0.703835765741	0.708348749838	0.689731594061	0.760828246173	0.759520273141	0.687918413086	0.639226037694	0.653031885046	0.766362999871	0.707539080117	0.7043823953	0.665676483569	0.733517671527	0.719294833322	0.714573942876	0.747278623619	0.721874962238	0.656581566748	0.0	0.730603668425	0.725016690677	0.764432158136	0.737145924487	0.752386266038	0.730260365703	0.731431851577	0.713954097298	0.756974114828	0.709345597958	0.761518141562	0.734873952556	0.754504939155	0.763124220625	0.737890148482	0.767363356801	0.766290147845	0.700358019018	0.745371000668	0.71694508022	0.654778472498	0.708668790852	0.749931484155	0.749991976344	0.76899961142	0.702704821932	0.723375130152	0.717871409215	0.68164670345	0.743202988769	0.709626304608	0.614635083604	0.714758362763	0.673639814396	0.699995690185
PBW60	0.684967951474	0.718574568267	0.74818722157	0.675006561135	0.737996299811	0.714506037731	0.736270119104	0.691674363484	0.709281353459	0.727221417063	0.726280328491	0.717648155828	0.712425725038	0.659394245837	0.760488736152	0.767883856077	0.691318563835	0.735652561465	0.698195726063	0.702368027689	0.702454496925	0.726942941146	0.709086302969	0.69599555074	0.730603668425	0.0	0.722114840339	0.698767051969	0.706490940356	0.65774080657	0.668924965179	0.705812867903	0.714417888884	0.687944281189	0.680200197487	0.692804883592	0.714577535843	0.720195899062	0.683126617776	0.722387527578	0.716806141316	0.70085043461	0.693317379362	0.726811230845	0.661706290133	0.718274496544	0.644362681501	0.70613607101	0.712230222593	0.705534002141	0.717676504753	0.690755991581	0.71596240493	0.701177721945	0.617991521651	0.735719665019	0.695143056826	0.686172289605	0.666200627166	0.664600321226
PEP16	0.710806439899	0.781715919317	0.729517457823	0.73899740317	0.706833552852	0.728799429588	0.751499365213	0.782192328212	0.734839580658	0.767321100547	0.745123104109	0.761206378296	0.732668538038	0.714264861581	0.763232621682	0.769945117261	0.69952062983	0.699698763194	0.727594562074	0.71942078837	0.733354766795	0.685528093962	0.597744046036	0.724010820378	0.725016690677	0.722114840339	0.0	0.688160578437	0.665801906002	0.692266430434	0.687749459024	0.72608362638	0.630124362984	0.692687979084	0.702287135877	0.694873313358	0.749404245898	0.799634107057	0.751850749711	0.761098111459	0.752218338251	0.786927895538	0.746974074076	0.759895504236	0.727396296692	0.689639853845	0.724699595931	0.746895062961	0.747298648369	0.713841696086	0.712975531282	0.766756094049	0.704762170638	0.674032511448	0.744005995801	0.720698609013	0.695488384189	0.721648627336	0.709172646709	0.74890653046
PEP18	0.715776956399	0.75209784139	0.789703182927	0.699645437727	0.768124171189	0.756888941975	0.764240933369	0.745141378755	0.743843462026	0.747800866161	0.737801556192	0.748227953757	0.756429831008	0.798984417223	0.787047924435	0.813132658803	0.716946158346	0.766888777078	0.759460466471	0.700111938412	0.735991164911	0.706649087391	0.699364183054	0.732341967053	0.764432158136	0.698767051969	0.688160578437	0.0	0.72116704105	0.630754235818	0.700508091869	0.643225958875	0.66269838788	0.657680837355	0.711591492124	0.685517332755	0.755617185737	0.765856346284	0.739844979091	0.765074061792	0.721259711849	0.735023992129	0.734311436156	0.755973192323	0.753049019453	0.781239242883	0.787071012755	0.770084202102	0.79476841357	0.774888094003	0.761995202567	0.734203046238	0.694913124784	0.752524591756	0.704891182322	0.76299285462	0.704604697717	0.662425123925	0.754022148738	0.738116245329
PEP21	0.729537549578	0.75946028162	0.729995002627	0.753595713655	0.720205169933	0.699946691695	0.753102588673	0.733190730378	0.715764038882	0.755552867418	0.727233331732	0.756123713735	0.70521783361	0.700016078188	0.734924952479	0.765737436174	0.715822472811	0.705030876925	0.765886503387	0.752729830444	0.735614204545	0.744334400574	0.720215088929	0.73045734362	0.737145924487	0.706490940356	0.665801906002	0.72116704105	0.0	0.698794948945	0.683713620826	0.718513584926	0.65417202914	0.694350989454	0.679732439271	0.661570264993	0.698633297641	0.744885636713	0.730278789492	0.713326375894	0.706699380019	0.748326971086	0.711285307606	0.727787727837	0.722014584424	0.701273961309	0.717172635714	0.702010543747	0.715589751181	0.730549801922	0.72099946795	0.7562492705	0.720164902627	0.72110558661	0.708862389049	0.738631049009	0.683215013955	0.74196933181	0.738246961203	0.717135512258
PEP23	0.695060672673	0.751673084532	0.779526509398	0.699146789406	0.752466887825	0.717725395373	0.730465582324	0.723627471545	0.722432863669	0.72542354562	0.717924367315	0.72574998819	0.752076597373	0.718051490055	0.725969346249	0.75408458033	0.693189132539	0.756246420326	0.719650834496	0.658534449193	0.69385788227	0.684776488714	0.691773005272	0.738338519878	0.752386266038	0.65774080657	0.692266430434	0.630754235818	0.698794948945	0.0	0.646965536459	0.662207000382	0.638947751929	0.649708783507	0.629273814174	0.665441051467	0.712887195119	0.749265154883	0.712123906455	0.709930109346	0.713657990189	0.704782737019	0.675991655527	0.728646352709	0.712032868898	0.722959900984	0.699012283639	0.733794785656	0.769488702898	0.746999685228	0.727730955591	0.660004902283	0.695413926938	0.734527282241	0.658515743285	0.702948347708	0.701590535434	0.680165847813	0.712134911422	0.711103155302
PEP24	0.701974400271	0.765490677558	0.737672013017	0.688298531072	0.733278519175	0.723326637675	0.703749458969	0.708389970456	0.711278178242	0.725822263582	0.737455027449	0.740150911511	0.713243229761	0.737962286994	0.743174866092	0.791396460251	0.713821773335	0.752302187857	0.785706728362	0.716083945935	0.761973262863	0.743675040597	0.725720852866	0.752142260474	0.730260365703	0.668924965179	0.687749459024	0.700508091869	0.683713620826	0.646965536459	0.0	0.659718261283	0.674800229322	0.710379290747	0.631073820952	0.709667607562	0.742531955762	0.758100881085	0.728169512787	0.720329285672	0.731344482816	0.730731722021	0.751172067245	0.708060167128	0.721922640811	0.67378211026	0.759939648337	0.769596373438	0.766925054099	0.760512274153	0.737307215981	0.729464435043	0.745696438713	0.737214707548	0.693427965042	0.727704969441	0.718480599124	0.704376046621	0.736472979771	0.743199155457
PEP26	0.695502751073	0.63774795971	0.77755026351	0.690740849691	0.739505436761	0.739299981166	0.725055289084	0.663642081227	0.667193088485	0.717159107909	0.686825655865	0.68861469162	0.644927538139	0.733411638581	0.742532579058	0.764142969952	0.732836860773	0.735510993884	0.73190499647	0.702736674539	0.663178454403	0.695585472885	0.739655769743	0.739078531904	0.731431851577	0.705812867903	0.72608362638	0.643225958875	0.718513584926	0.662207000382	0.659718261283	0.0	0.66312043684	0.663944290873	0.683561410405	0.690243462086	0.734365375223	0.716710939433	0.69587355693	0.713509296054	0.725602431655	0.688642727558	0.700365571484	0.700451207056	0.729681929316	0.737160082822	0.68159570929	0.759729269982	0.741983764777	0.748987415006	0.760655581343	0.71527319964	0.6553017293	0.732294086131	0.706605204826	0.736591050725	0.704135812584	0.694889023606	0.69911995911	0.68316262675
PEP27	0.663013536705	0.731601323003	0.708081721963	0.700680002526	0.707436037702	0.661397237091	0.696177286317	0.731171304615	0.691758862443	0.731477967734	0.719302675372	0.748888613142	0.708693046319	0.691062993819	0.730585924201	0.738685520234	0.660734040323	0.701886033751	0.705301058482	0.701018217198	0.68656348065	0.631888546824	0.674742155635	0.71856193767	0.713954097298	0.714417888884	0.630124362984	0.66269838788	0.65417202914	0.638947751929	0.674800229322	0.66312043684	0.0	0.654859842676	0.625124320511	0.651428924165	0.675053271972	0.743535622912	0.688886900293	0.715183630452	0.672678014674	0.759425909751	0.683971786886	0.694700889693	0.690080745661	0.669439575119	0.677879387034	0.68853932085	0.715611576581	0.685252709249	0.667600282267	0.703709124078	0.702059491437	0.661761021652	0.670155852731	0.713674172087	0.604706721833	0.693144895675	0.631187506396	0.718103370523
PEP28	0.687909439664	0.752948382807	0.790304828296	0.720843110928	0.720144311799	0.746473767019	0.722101348695	0.730545294409	0.72195030025	0.738094076148	0.730632205111	0.712190374594	0.730797698822	0.705385907923	0.744805279973	0.762944199754	0.696074205145	0.760242824348	0.769670204333	0.673483409324	0.731171256425	0.725882948607	0.720688453965	0.740821729548	0.756974114828	0.687944281189	0.692687979084	0.657680837355	0.694350989454	0.649708783507	0.710379290747	0.663944290873	0.654859842676	0.0	0.659864815579	0.657217807437	0.720629000742	0.767138330144	0.705080347588	0.738890835686	0.715042391705	0.718869941894	0.71836274086	0.746432925342	0.761821785265	0.722175680854	0.738918246528	0.697773556217	0.75043447735	0.725500220343	0.743684708908	0.697292604652	0.740903484636	0.691871529212	0.700557277815	0.688631071986	0.689209732188	0.674958525175	0.692801381895	0.701566077403
PEP29	0.681078758452	0.760168141722	0.757766365391	0.710834842958	0.735069976555	0.687681243384	0.69156078754	0.70247135528	0.699204736166	0.736481264154	0.708370285968	0.68811787675	0.715615684672	0.68920390355	0.695048201656	0.70921288568	0.690161226885	0.690911809107	0.730387536445	0.699304913876	0.690746325377	0.711737115246	0.705570159002	0.682444957065	0.709345597958	0.680200197487	0.702287135877	0.711591492124	0.679732439271	0.629273814174	0.631073820952	0.683561410405	0.625124320511	0.659864815579	0.0	0.653537416226	0.720558436241	0.743075321973	0.664683843122	0.749896982365	0.693589462932	0.695231389356	0.720069090265	0.726041355878	0.691843744512	0.682416273123	0.719091591986	0.693489780754	0.716957487187	0.690842121997	0.704207135452	0.702771884891	0.715628649434	0.703323093783	0.67602531569	0.701239006779	0.692896862141	0.737836946834	0.696717095946	0.707349559823
PEP30	0.731183583248	0.73552126798	0.767325830545	0.701112921215	0.727969942401	0.708724262717	0.748859091091	0.754079998475	0.717381480899	0.744448732061	0.699740837505	0.723283426372	0.717167699329	0.717154028821	0.706320196322	0.749338315125	0.7462792765	0.734585589242	0.706288210905	0.710675017996	0.664311234565	0.689508142846	0.674263076447	0.7313873979	0.761518141562	0.692804883592	0.694873313358	0.685517332755	0.661570264993	0.665441051467	0.709667607562	0.690243462086	0.651428924165	0.657217807437	0.653537416226	0.0	0.68262330964	0.714097942596	0.727829491677	0.712141467896	0.709051814046	0.744016202665	0.65164563468	0.750636699685	0.700196675182	0.713594557525	0.67582346388	0.696595136185	0.710063593318	0.694989282966	0.742163940164	0.701798531431	0.704782514236	0.733029623472	0.71543144571	0.743532718046	0.637334809989	0.708062463307	0.709023172814	0.681563563396
PIS1	0.708128705756	0.722862231899	0.698631471579	0.644663515052	0.727951581671	0.666718239525	0.70793989226	0.736146136223	0.685936945948	0.683950703351	0.674093581595	0.731687447009	0.739161497314	0.733635506763	0.718301542853	0.7744445147	0.760484282613	0.769557424913	0.777667445898	0.737251711073	0.712450414863	0.728458238746	0.727730233664	0.75284471493	0.734873952556	0.714577535843	0.749404245898	0.755617185737	0.698633297641	0.712887195119	0.742531955762	0.734365375223	0.675053271972	0.720629000742	0.720558436241	0.68262330964	0.0	0.745579496037	0.751109189535	0.666244637683	0.696178813841	0.722126811708	0.577075675277	0.747858274429	0.648449884196	0.664709164263	0.695828963909	0.688769803809	0.714417586794	0.711087780558	0.75741995211	0.699676789555	0.713656785125	0.721886352585	0.683892015679	0.746266654956	0.719492277378	0.724228387246	0.679128104895	0.707499160735
PIS2	0.70577895162	0.700884233672	0.75582787733	0.683534347629	0.714332093683	0.705719599704	0.753253118848	0.694976361149	0.687088944762	0.668887385506	0.687433370361	0.705424531243	0.713063285191	0.764706927612	0.706366894201	0.704083349507	0.801401840516	0.777768323506	0.692469402689	0.750068818534	0.66054858696	0.729117191377	0.720827918041	0.676234719159	0.754504939155	0.720195899062	0.799634107057	0.765856346284	0.744885636713	0.749265154883	0.758100881085	0.716710939433	0.743535622912	0.767138330144	0.743075321973	0.714097942596	0.745579496037	0.0	0.684895318243	0.738263471804	0.758918555304	0.697000926036	0.710064972715	0.724671383281	0.700393148985	0.741115580449	0.669670729949	0.717875071848	0.72102328406	0.748657257312	0.741189424888	0.722737401928	0.724118157354	0.756789384864	0.741794556857	0.773120107329	0.746292031716	0.742487584236	0.750382883514	0.710073034413
PIS4	0.617530885028	0.715165625896	0.739324338768	0.695422092021	0.690865808924	0.685307153953	0.652527694474	0.672705826499	0.660632358109	0.698821605562	0.707103084198	0.661793329523	0.705028969619	0.737527141564	0.749363109545	0.75623371101	0.714163142554	0.742856094938	0.719395244033	0.731932182492	0.717983530373	0.743068907469	0.715911539911	0.723095710568	0.763124220625	0.683126617776	0.751850749711	0.739844979091	0.730278789492	0.712123906455	0.728169512787	0.69587355693	0.688886900293	0.705080347588	0.664683843122	0.727829491677	0.751109189535	0.684895318243	0.0	0.713611771511	0.74127408691	0.688041118179	0.688497445957	0.660085027278	0.689651659857	0.700683629419	0.691330428546	0.757535226395	0.74164912586	0.745227758252	0.713643461776	0.709596632755	0.70832769478	0.724879108817	0.698885030866	0.705921772274	0.712314091083	0.728268104561	0.696335156625	0.659284951062
PIS5	0.748234117991	0.721908826177	0.725548162626	0.695175388064	0.764857698322	0.699409461535	0.746286347882	0.729340124613	0.717343268438	0.720898155781	0.694111455089	0.730136616194	0.732798081409	0.709796480116	0.711752846766	0.750457576596	0.754497466396	0.733717612503	0.768225993961	0.720824391866	0.703514481063	0.705927535715	0.758589004714	0.740574125961	0.737890148482	0.722387527578	0.761098111459	0.765074061792	0.713326375894	0.709930109346	0.720329285672	0.713509296054	0.715183630452	0.738890835686	0.749896982365	0.712141467896	0.666244637683	0.738263471804	0.713611771511	0.0	0.69484405512	0.715826214501	0.64147528721	0.697382698053	0.670783074484	0.659951978444	0.69566104172	0.717243503153	0.758098503151	0.759522739561	0.717117249892	0.704894841225	0.70475190138	0.726378069182	0.688342336564	0.716369753894	0.709140947681	0.742779268013	0.693284285292	0.736981543124
PIS7	0.734238980515	0.769855754471	0.750943290265	0.683287751817	0.773531687458	0.740960909325	0.73979786915	0.758550463623	0.739677905972	0.761574564049	0.728466714659	0.727605607748	0.772144411643	0.750116686937	0.737021897891	0.750008698904	0.729626292152	0.770016804703	0.756285120806	0.750587087063	0.745386187019	0.721052719757	0.757446601948	0.746699512307	0.767363356801	0.716806141316	0.752218338251	0.721259711849	0.706699380019	0.713657990189	0.731344482816	0.725602431655	0.672678014674	0.715042391705	0.693589462932	0.709051814046	0.696178813841	0.758918555304	0.74127408691	0.69484405512	0.0	0.711783106307	0.672935492355	0.737540970616	0.749105780679	0.714148492536	0.722005858476	0.732342032394	0.741119207027	0.742161178951	0.741398613537	0.703355445838	0.714743035119	0.75430591687	0.668869254975	0.753817536689	0.719951134888	0.715491854495	0.715929546486	0.695565689038
PIS9	0.670057634205	0.664855329985	0.770832117852	0.682746675009	0.695362852756	0.704316996306	0.675357974398	0.667891591736	0.69428566654	0.67694161667	0.722695923305	0.611570866502	0.715980769438	0.725726495615	0.701969961877	0.736777415297	0.763428047897	0.753656394407	0.706467438867	0.714891246377	0.710287529467	0.767681327896	0.752916782101	0.678008348931	0.766290147845	0.70085043461	0.786927895538	0.735023992129	0.748326971086	0.704782737019	0.730731722021	0.688642727558	0.759425909751	0.718869941894	0.695231389356	0.744016202665	0.722126811708	0.697000926036	0.688041118179	0.715826214501	0.711783106307	0.0	0.647709941049	0.702703278712	0.653056703989	0.703785223893	0.713573162525	0.720999601919	0.732766157266	0.720053848746	0.725660094354	0.709117936189	0.649337286104	0.762119862329	0.697565643934	0.763043758023	0.771337235248	0.748107348645	0.765626063402	0.677892260672
PIS10	0.692093783853	0.68245031137	0.710189536354	0.634064575285	0.702738404005	0.657276252715	0.663959442273	0.684810253872	0.665168098874	0.674178368186	0.647197800681	0.709963906505	0.736107051277	0.72622661208	0.708881168278	0.732745978324	0.751674402889	0.760523843544	0.707964502388	0.732684989104	0.674718263863	0.694608883854	0.700698663536	0.723778160586	0.700358019018	0.693317379362	0.746974074076	0.734311436156	0.711285307606	0.675991655527	0.751172067245	0.700365571484	0.683971786886	0.71836274086	0.720069090265	0.65164563468	0.577075675277	0.710064972715	0.688497445957	0.64147528721	0.672935492355	0.647709941049	0.0	0.705807728063	0.579944816449	0.650959082167	0.643417602927	0.671495557955	0.70421126643	0.700872467678	0.702075214661	0.653899293413	0.645576366765	0.689397622377	0.664796782649	0.723368103082	0.689220427706	0.73551761086	0.706672000991	0.669478978415
PIS11	0.63229516533	0.730887319729	0.699537365497	0.646279006956	0.709322384165	0.664836196404	0.673983611237	0.641852282449	0.662641691769	0.698329185497	0.688662582366	0.725487802871	0.69334440304	0.766484981278	0.793873719308	0.798042310727	0.718396667327	0.775055528001	0.772204185465	0.727762112222	0.739776008105	0.772032952501	0.745730724822	0.743763894029	0.745371000668	0.726811230845	0.759895504236	0.755973192323	0.727787727837	0.728646352709	0.708060167128	0.700451207056	0.694700889693	0.746432925342	0.726041355878	0.750636699685	0.747858274429	0.724671383281	0.660085027278	0.697382698053	0.737540970616	0.702703278712	0.705807728063	0.0	0.682113025948	0.70141936015	0.7449388468	0.777322942121	0.795077713569	0.788991364754	0.73604062498	0.726368005237	0.758309133493	0.745307552355	0.699810601302	0.719416507761	0.709492602576	0.744749120373	0.724740413918	0.748706395434
