	PAM31	PAM32	PAM33	PAM35	PAM36	PAM37	PAM39	PAM40	PAM41	PAM42	PAM43	PAM44	PAM45	PBW46	PBW47	PBW49	PBW50	PBW51	PBW52	PBW53	PBW54	PBW55	PBW56	PBW58	PBW59	PBW60	PEP16	PEP18	PEP21	PEP23	PEP24	PEP26	PEP27	PEP28	PEP29	PEP30	PIS1	PIS2	PIS4	PIS5	PIS7	PIS9	PIS10	PIS11	PIS14	PIS15	PLL76	PLL77	PLL79	PLL80	PLL83	PLL88	PLL89	PLL90	PPO64	PPO66	PPO67	PPO69	PPO72	PPO75
PAM31	0.0	0.712594550209	0.615152140989	0.667100380124	0.623841879502	0.571025282442	0.701117922325	0.669073347342	0.712288651471	0.610200358411	0.603243774856	0.714025521367	0.633726534773	0.659462772461	0.743296021146	0.746832821342	0.711295397528	0.694737754365	0.633826620892	0.717717847662	0.694726141799	0.716979257309	0.685744301692	0.663983137291	0.695198704954	0.691661978723	0.737715687289	0.757900175682	0.663314081939	0.694244027891	0.665661209268	0.735972541043	0.692351102549	0.659205159717	0.715584166087	0.683847694306	0.690042608383	0.712183082056	0.63704980013	0.696198644088	0.688272584042	0.714430777767	0.679500267751	0.709785129393	0.655080279172	0.695970182382	0.718278825479	0.747618765173	0.65333180783	0.749106939453	0.770714395843	0.740561995279	0.733041223065	0.735465809053	0.653738731471	0.664198849786	0.705628254256	0.686604282408	0.714892039707	0.637428240462
PAM32	0.712594550209	0.0	0.707995032198	0.662126550259	0.709330283084	0.659239475558	0.659255451154	0.550118519992	0.579731589702	0.649908162956	0.677494643532	0.68114909194	0.625650633127	0.743638653803	0.733941635209	0.750727113196	0.772013691711	0.756359203373	0.748901343703	0.709205732839	0.74548023086	0.746082341472	0.778667023574	0.709180452077	0.731427118951	0.746369241085	0.784168780545	0.748806829056	0.802648616074	0.717184408863	0.762390877465	0.614010953342	0.730990166113	0.764826207593	0.732147033067	0.758859432782	0.683933154424	0.728944902928	0.722597099202	0.683860848831	0.693707341473	0.605830042772	0.697455882524	0.670033299882	0.672879287911	0.698370491152	0.750545627659	0.733494575081	0.732936900005	0.727496450954	0.744230431113	0.703240354049	0.656993761543	0.733547448269	0.727093565025	0.74014808645	0.7678913699	0.733389864144	0.68026747244	0.704115992835
PAM33	0.615152140989	0.707995032198	0.0	0.69688879337	0.70487997841	0.587358353408	0.690342847046	0.694732389711	0.717836757872	0.607908275953	0.684671867328	0.739261906427	0.670548462913	0.716172158734	0.77662263868	0.748514983614	0.770609663387	0.77334421704	0.735611766688	0.762838592746	0.775377509968	0.731506446311	0.721223069641	0.741358332917	0.730499016097	0.684571322539	0.767540945572	0.794762338103	0.71959063664	0.710454527218	0.704337292593	0.752712789398	0.74219468292	0.716008244512	0.729688799132	0.703814267291	0.710735305874	0.715477937047	0.63299693231	0.653617188028	0.72384129314	0.708944183113	0.702389448747	0.70206518963	0.684708796421	0.702279217849	0.78794266897	0.763175655572	0.733943131451	0.76173191268	0.750915064904	0.750679545073	0.746897381612	0.781894048698	0.668112554699	0.735642831517	0.709034289994	0.77013056743	0.739132836475	0.674815532233
PAM35	0.667100380124	0.662126550259	0.69688879337	0.0	0.639218641015	0.604089407353	0.677036259396	0.651648058882	0.631717874519	0.652762995708	0.664539795036	0.671306591482	0.672272813597	0.687871503639	0.71110074538	0.772076662897	0.763762617605	0.778329945455	0.69918645896	0.678434794154	0.726362710035	0.694244098436	0.719218931538	0.733107698743	0.725003021518	0.674258971486	0.735836885776	0.713406877818	0.737678375243	0.700402987338	0.675839266061	0.694974987591	0.684106610413	0.713722322065	0.72915146484	0.713351609768	0.6463669054	0.670711480713	0.705608186049	0.707988898488	0.64568158412	0.675948978223	0.706349275162	0.660809270475	0.660082605444	0.651353916076	0.724292909991	0.722568205382	0.740023346852	0.714833756738	0.756938218492	0.651842873552	0.683700412396	0.73579952378	0.694902846345	0.72615847499	0.724968480413	0.706994279874	0.649327935359	0.693568975712
PAM36	0.623841879502	0.709330283084	0.70487997841	0.639218641015	0.0	0.652963901759	0.705986025906	0.673503108874	0.689061741829	0.654142799318	0.60555928893	0.713074648252	0.613154481149	0.682594653192	0.743973807908	0.770145017331	0.68135790526	0.717622375416	0.697524798516	0.73289703086	0.702213289883	0.72930387361	0.752668404266	0.690003859825	0.694253150203	0.729723192177	0.738109750922	0.75367358112	0.701437667621	0.703789107748	0.709375374656	0.720065668532	0.722882458008	0.711474452904	0.71697907172	0.729952887365	0.701002518553	0.75992663897	0.699606039772	0.696847774291	0.710309295407	0.709542694633	0.681976297246	0.674822217385	0.673979934869	0.714631616999	0.717487451546	0.734119301452	0.661468815395	0.754100772355	0.729983571066	0.728197601655	0.745099618184	0.691762165398	0.688103181422	0.67762683633	0.742799859387	0.684104177055	0.709284628605	0.666746828594
PAM37	0.571025282442	0.659239475558	0.587358353408	0.604089407353	0.652963901759	0.0	0.68175305103	0.667536235825	0.688423418435	0.545843640762	0.622328195085	0.728227336641	0.645663689946	0.675479746143	0.719684388007	0.696992279966	0.732509912736	0.723471230414	0.670460587041	0.691536284277	0.708285856322	0.712139261937	0.688333639238	0.708310372061	0.717898027486	0.630860690003	0.748411495952	0.762474002245	0.698481677604	0.682848905477	0.666689838841	0.741963393005	0.724944046079	0.673402244877	0.686125327515	0.723631121156	0.671222223857	0.684412565717	0.663322538319	0.620290257034	0.676735247588	0.673209731788	0.656585817501	0.686544696444	0.617559546331	0.656612785954	0.728857619146	0.682345356896	0.679433560311	0.71754125805	0.706689990569	0.7013876305	0.715195500085	0.730035052637	0.673198327806	0.716155684239	0.689373942158	0.714091810678	0.695089937023	0.655840623775
PAM39	0.701117922325	0.659255451154	0.690342847046	0.677036259396	0.705986025906	0.68175305103	0.0	0.579958208175	0.638520021038	0.639591817618	0.642837665409	0.723173483573	0.680971645749	0.753693790012	0.744945946204	0.754527221052	0.770391440532	0.780860089215	0.762380309739	0.741210193629	0.749967778341	0.734928583885	0.777292013873	0.731473192713	0.73286199483	0.747590955411	0.759322455085	0.763017365226	0.777027007442	0.74362383934	0.746453156562	0.690780014567	0.734629741379	0.741710426548	0.74896770278	0.754609387647	0.68997259423	0.659108205616	0.707045820505	0.709946799902	0.696037348363	0.697769062418	0.672508184485	0.659548671285	0.666191356178	0.715349219332	0.738127095618	0.759169242468	0.772861774732	0.771834006741	0.769130635504	0.729299792321	0.732695154557	0.7090287656	0.739910246609	0.743253096613	0.742936970317	0.7390793502	0.726301529207	0.714059661198
PAM40	0.669073347342	0.550118519992	0.694732389711	0.651648058882	0.673503108874	0.667536235825	0.579958208175	0.0	0.547428752725	0.596585232558	0.637359448651	0.684217731199	0.604496052794	0.770811115649	0.70991901343	0.753230023901	0.773074207584	0.775572119389	0.751508045932	0.713514331822	0.74854451074	0.746895643193	0.775514692165	0.708498659147	0.71892995216	0.730639456096	0.752612998159	0.749804484886	0.766751134826	0.715671551603	0.75778120377	0.629958014444	0.727562213874	0.751384906353	0.742070336408	0.731841741611	0.669016048934	0.680854907497	0.665788669715	0.682084220637	0.679693528743	0.645272484365	0.654517899663	0.658196760757	0.65168737087	0.674022670234	0.728112888268	0.734058758205	0.733403429251	0.718094114668	0.735412847784	0.666769696979	0.67470304869	0.743238617696	0.696011590774	0.718724854146	0.755551286181	0.725154953988	0.671107171223	0.721666961254
PAM41	0.712288651471	0.579731589702	0.717836757872	0.631717874519	0.689061741829	0.688423418435	0.638520021038	0.547428752725	0.0	0.62555840353	0.671829923237	0.699794301326	0.64248907294	0.762077561782	0.73501638418	0.767977001199	0.795161307696	0.762686498855	0.771425437154	0.730337403178	0.73760099226	0.751776920887	0.770834611785	0.699968643247	0.741599266994	0.752501120179	0.759359080016	0.744267648289	0.783703960279	0.751414934717	0.75279422531	0.656947951471	0.73418311809	0.777513813936	0.740965457627	0.75691690062	0.69221973289	0.710270049666	0.709946713167	0.741233166764	0.724291307294	0.683970092266	0.704971363514	0.675548227125	0.700360771358	0.734127902332	0.765896580084	0.754596269885	0.762073390521	0.754662488669	0.786085984806	0.747743556903	0.684105032396	0.730488419016	0.730371644065	0.748741494445	0.7455032475	0.717348932073	0.694685919176	0.727566755034
PAM42	0.610200358411	0.649908162956	0.607908275953	0.652762995708	0.654142799318	0.545843640762	0.639591817618	0.596585232558	0.62555840353	0.0	0.629399732527	0.729786818152	0.670923133469	0.733178760865	0.733115358149	0.705234940245	0.762469423477	0.751480460643	0.705396444102	0.744964390699	0.760811749266	0.698437556328	0.714310155866	0.735569173369	0.742582209974	0.682937152931	0.739869828675	0.735628911591	0.705983093623	0.690989859704	0.706508882842	0.711402676572	0.698317633656	0.686209326193	0.703360446848	0.703594553722	0.700958863759	0.654995542634	0.615246885721	0.676946993636	0.707373387742	0.634003128237	0.647372787412	0.665142787026	0.635854366565	0.636822091188	0.756697542471	0.737615910227	0.716675136985	0.751033998483	0.741432073317	0.706785911912	0.728363586143	0.740628953571	0.676682044268	0.719331960198	0.698353580296	0.764997214949	0.725499243176	0.655285150037
PAM43	0.603243774856	0.677494643532	0.684671867328	0.664539795036	0.60555928893	0.622328195085	0.642837665409	0.637359448651	0.671829923237	0.629399732527	0.0	0.706021341983	0.563198723594	0.701032465231	0.786249629936	0.760021810181	0.726437347295	0.719347396274	0.69774571537	0.718194609304	0.687905969295	0.729515315387	0.72236921337	0.644511193872	0.661925793947	0.727625824052	0.76567458542	0.76843421387	0.689538623922	0.718511212976	0.708848887436	0.704068539517	0.721629820094	0.719251956137	0.694150018982	0.73480502381	0.706626436815	0.710305524232	0.678818901905	0.682299916901	0.709968694015	0.714535791039	0.642756416508	0.676146898102	0.658561420059	0.73514695525	0.709336045827	0.752508677413	0.665372368876	0.758593365963	0.750782910081	0.760810760563	0.736366373062	0.681295804494	0.720164238848	0.702268634014	0.738881041282	0.679554753557	0.700992734457	0.615600249159
PAM44	0.714025521367	0.68114909194	0.739261906427	0.671306591482	0.713074648252	0.728227336641	0.723173483573	0.684217731199	0.699794301326	0.729786818152	0.706021341983	0.0	0.678899878359	0.747558627582	0.663110416513	0.726840388983	0.746664874025	0.73241258029	0.71761240865	0.715815996524	0.729414061854	0.699417268257	0.750595313208	0.560008777949	0.696285652482	0.704054806811	0.722334515718	0.740638063957	0.76129280472	0.726959070535	0.714993601517	0.665486092068	0.705267203445	0.744884857675	0.714370747263	0.706099545771	0.64809812817	0.698636845587	0.726024385796	0.697496160816	0.721899055088	0.653218150353	0.702104216594	0.663887798671	0.725727265319	0.698401492299	0.75127316146	0.718999957734	0.708684570385	0.743796792239	0.779684527404	0.698108900363	0.629290639924	0.764438628939	0.691492027595	0.726607846697	0.750750709164	0.740403629267	0.680168498606	0.718122034172
PAM45	0.633726534773	0.625650633127	0.670548462913	0.672272813597	0.613154481149	0.645663689946	0.680971645749	0.604496052794	0.64248907294	0.670923133469	0.563198723594	0.678899878359	0.0	0.652922571002	0.7572923321	0.724336238	0.683156246571	0.672475371042	0.684547494911	0.709084051108	0.654695725849	0.750287902438	0.737764034996	0.629989763982	0.667261645053	0.706997902555	0.785697908094	0.763934240138	0.688522238128	0.701324027483	0.703639851379	0.659685925785	0.705133384046	0.733641149306	0.695311989269	0.749334051804	0.696177325995	0.731381496445	0.676067706734	0.674665479031	0.67803479924	0.668822520785	0.672490943295	0.669407253279	0.632596674595	0.700903444109	0.709030685176	0.72965753858	0.616452334805	0.725005477517	0.707417724618	0.737165301023	0.664551914763	0.693400388014	0.719629305191	0.682358997631	0.760094403828	0.678756871602	0.698892686971	0.632128947389
PBW46	0.659462772461	0.743638653803	0.716172158734	0.687871503639	0.682594653192	0.675479746143	0.753693790012	0.770811115649	0.762077561782	0.733178760865	0.701032465231	0.747558627582	0.652922571002	0.0	0.709689427625	0.708345069904	0.667084409505	0.612612686543	0.593573911263	0.652019472677	0.583571364392	0.694233841325	0.704812856644	0.705584376171	0.691193422458	0.664448873348	0.753251385307	0.76479903033	0.645983075539	0.71343948293	0.699590924089	0.74225420177	0.729618338705	0.722435246599	0.738551431616	0.683517863363	0.756181802069	0.727419932189	0.740220345634	0.703454161426	0.700284488783	0.68715872541	0.727437609332	0.76237663625	0.722030341812	0.718605134768	0.686547237718	0.69184497845	0.588000644979	0.710965023149	0.697176784389	0.744901453744	0.692249777752	0.669466691569	0.685131005731	0.66381704779	0.736807974481	0.692008767709	0.705851409782	0.640335669543
PBW47	0.743296021146	0.733941635209	0.77662263868	0.71110074538	0.743973807908	0.719684388007	0.744945946204	0.70991901343	0.73501638418	0.733115358149	0.786249629936	0.663110416513	0.7572923321	0.709689427625	0.0	0.597737405855	0.763992390218	0.655946916411	0.69672730764	0.673221351314	0.665210327337	0.722253190355	0.768482188359	0.670931211038	0.715694919788	0.691753131054	0.733650942545	0.772593859795	0.753458418887	0.725554595537	0.750021346084	0.724691514345	0.72216355245	0.739212271785	0.706634995383	0.72419608596	0.680288235781	0.694618722151	0.758099705864	0.632477612901	0.72525583285	0.699039133153	0.686639800573	0.711542798208	0.732993782611	0.685645728191	0.666701149796	0.641933330692	0.685195033634	0.684698109269	0.69206122503	0.675094640693	0.657706233625	0.735085587291	0.732864844922	0.726914644654	0.740346748135	0.787902554415	0.651289454267	0.705777891214
PBW49	0.746832821342	0.750727113196	0.748514983614	0.772076662897	0.770145017331	0.696992279966	0.754527221052	0.753230023901	0.767977001199	0.705234940245	0.760021810181	0.726840388983	0.724336238	0.708345069904	0.597737405855	0.0	0.729693966472	0.601738450398	0.69347459085	0.691403258358	0.688493678042	0.745058863962	0.742966989685	0.734358374419	0.766346139567	0.700918320161	0.738733324192	0.792834771135	0.753147303259	0.719652298336	0.754839322537	0.730661336902	0.749339476662	0.737923133903	0.708486259211	0.725443107644	0.758300579617	0.711394254249	0.753092131981	0.675120772252	0.763479689483	0.712305393138	0.681565841305	0.775603090041	0.740989246503	0.756475338801	0.702605650007	0.682487450728	0.683116577705	0.693292401727	0.682407445459	0.741182627711	0.65942355949	0.689136021926	0.762088080733	0.773563888973	0.740623147651	0.810286659528	0.726578005309	0.696324499698
PBW50	0.711295397528	0.772013691711	0.770609663387	0.763762617605	0.68135790526	0.732509912736	0.770391440532	0.773074207584	0.795161307696	0.762469423477	0.726437347295	0.746664874025	0.683156246571	0.667084409505	0.763992390218	0.729693966472	0.0	0.635228784753	0.605305677869	0.728964431065	0.644353417752	0.713991521489	0.739127277368	0.709120746867	0.684289734551	0.718440705657	0.750330335619	0.768101067157	0.734938005606	0.71301253746	0.729010441581	0.726088119552	0.737499606468	0.752717145599	0.726971822525	0.730688238097	0.765663875742	0.753820576155	0.75818877157	0.735282587139	0.721596889982	0.73426171398	0.734546890598	0.753994875051	0.726019197826	0.746515420334	0.688033807488	0.689627039717	0.668552508747	0.741674613518	0.70719844852	0.772259873811	0.683406875646	0.700942163872	0.721199574686	0.69550410429	0.742746298156	0.703578960278	0.700468252609	0.681815750989
PBW51	0.694737754365	0.756359203373	0.77334421704	0.778329945455	0.717622375416	0.723471230414	0.780860089215	0.775572119389	0.762686498855	0.751480460643	0.719347396274	0.73241258029	0.672475371042	0.612612686543	0.655946916411	0.601738450398	0.635228784753	0.0	0.567532252471	0.701849957864	0.603803851139	0.751612380289	0.732998126615	0.683213334317	0.695284798758	0.717365899746	0.746924974777	0.781969403825	0.653380751905	0.69172873067	0.754078487109	0.730903290393	0.755944884797	0.704221572922	0.67384675345	0.725421890339	0.770374758745	0.772237497644	0.756087988611	0.712199482682	0.749903620385	0.69543621891	0.72669598147	0.788588332556	0.729121668538	0.771957494321	0.671689583793	0.689116053797	0.555735357848	0.701531442564	0.679603447159	0.770123405941	0.659465467136	0.638149866281	0.727653597825	0.72563361151	0.742546590388	0.752255644312	0.736053117585	0.652106194
PBW52	0.633826620892	0.748901343703	0.735611766688	0.69918645896	0.697524798516	0.670460587041	0.762380309739	0.751508045932	0.771425437154	0.705396444102	0.69774571537	0.71761240865	0.684547494911	0.593573911263	0.69672730764	0.69347459085	0.605305677869	0.567532252471	0.0	0.554038899609	0.589134008677	0.674145972453	0.721927336247	0.663127056495	0.695137915209	0.649138959139	0.736815997191	0.726648394385	0.692748301411	0.687456115787	0.709542426249	0.756181518819	0.721860689928	0.702712337799	0.702496448683	0.682763586538	0.761511569989	0.684763353778	0.701190339332	0.721219572434	0.701090425757	0.694396921158	0.730617864815	0.737073923589	0.711190578116	0.702615102736	0.677740595552	0.651317238549	0.585315603848	0.714461233706	0.730666446909	0.706767940877	0.663414141325	0.677827794892	0.683921492284	0.672174150484	0.695773279051	0.693073551833	0.675825965597	0.609789594605
PBW53	0.717717847662	0.709205732839	0.762838592746	0.678434794154	0.73289703086	0.691536284277	0.741210193629	0.713514331822	0.730337403178	0.744964390699	0.718194609304	0.715815996524	0.709084051108	0.652019472677	0.673221351314	0.691403258358	0.728964431065	0.701849957864	0.554038899609	0.0	0.653167151472	0.683474054044	0.732805160137	0.734297469596	0.735167056708	0.64582485866	0.758781934637	0.675839810235	0.741618099036	0.645110696701	0.692470686507	0.709727284537	0.678356393325	0.70714896872	0.737884530769	0.681991667316	0.740386460696	0.68501787213	0.731642719744	0.737570162478	0.644348029895	0.746952817271	0.745662247401	0.730895578932	0.727245723638	0.710193765722	0.706544848015	0.706332657615	0.701690326945	0.689099580374	0.700257992195	0.677031918043	0.66208877614	0.697945994974	0.72191494716	0.705736329169	0.676215003654	0.665571648327	0.636402167334	0.637255855619
PBW54	0.694726141799	0.74548023086	0.775377509968	0.726362710035	0.702213289883	0.708285856322	0.749967778341	0.74854451074	0.73760099226	0.760811749266	0.687905969295	0.729414061854	0.654695725849	0.583571364392	0.665210327337	0.688493678042	0.644353417752	0.603803851139	0.589134008677	0.653167151472	0.0	0.702374818551	0.747127688378	0.66263545306	0.691884664701	0.715609171491	0.757455816121	0.791560281215	0.715774758124	0.725454849879	0.746744264851	0.74246219597	0.710879730667	0.758569931332	0.728208303674	0.739012043274	0.708704875543	0.744278169316	0.760206537391	0.707817374824	0.740642790184	0.698269843435	0.707988549342	0.752923866495	0.696908379959	0.739621539633	0.65149589717	0.648116941839	0.602761402508	0.710029244779	0.714357728726	0.748803287419	0.679294000261	0.657703270906	0.746902525693	0.697023701639	0.756545592681	0.716809522216	0.677565916148	0.629701140574
PBW55	0.716979257309	0.746082341472	0.731506446311	0.694244098436	0.72930387361	0.712139261937	0.734928583885	0.746895643193	0.751776920887	0.698437556328	0.729515315387	0.699417268257	0.750287902438	0.694233841325	0.722253190355	0.745058863962	0.713991521489	0.751612380289	0.674145972453	0.683474054044	0.702374818551	0.0	0.693976532992	0.729497138076	0.718565258795	0.686620476969	0.700724247306	0.676794811059	0.711595357411	0.681252662444	0.699896365581	0.717661952727	0.604882900477	0.677972170484	0.722296123145	0.712021012562	0.701972582409	0.687331769285	0.724014771985	0.72861661194	0.67984012881	0.7347990279	0.712709143766	0.728582950807	0.751776460339	0.691198031019	0.697955745982	0.733803139646	0.737169171339	0.700126562484	0.750099033402	0.718911802743	0.690419876197	0.685695366201	0.694775102866	0.70051926669	0.67106644754	0.683758686764	0.681040278594	0.68722429876
PBW56	0.685744301692	0.778667023574	0.721223069641	0.719218931538	0.752668404266	0.688333639238	0.777292013873	0.775514692165	0.770834611785	0.714310155866	0.72236921337	0.750595313208	0.737764034996	0.704812856644	0.768482188359	0.742966989685	0.739127277368	0.732998126615	0.721927336247	0.732805160137	0.747127688378	0.693976532992	0.0	0.766444631763	0.722584983632	0.69500274759	0.681141086353	0.677974729379	0.691409853648	0.700747572875	0.713330913243	0.762138486536	0.669540645803	0.648052036942	0.674868147596	0.670949792788	0.737443169208	0.752441265593	0.672468347961	0.718076391685	0.707803525647	0.767716486486	0.723979216767	0.763233754473	0.704394549667	0.717173989512	0.724306085951	0.730376110872	0.723552240244	0.755763999594	0.74659855525	0.762319999161	0.714918820571	0.690215780368	0.716440666859	0.694716818852	0.680409656832	0.713731487703	0.706635693846	0.721553286337
PBW58	0.663983137291	0.709180452077	0.741358332917	0.733107698743	0.690003859825	0.708310372061	0.731473192713	0.708498659147	0.699968643247	0.735569173369	0.644511193872	0.560008777949	0.629989763982	0.705584376171	0.670931211038	0.734358374419	0.709120746867	0.683213334317	0.663127056495	0.734297469596	0.66263545306	0.729497138076	0.766444631763	0.0	0.648241645792	0.715462133659	0.739925897598	0.740159131097	0.693134845262	0.745095374024	0.730539725497	0.703009819375	0.701532785129	0.721029127875	0.754294274662	0.724261181324	0.682962298735	0.729510897586	0.728224958143	0.676324270097	0.7527512928	0.659445341824	0.713098279712	0.702492862082	0.736686144397	0.701773354947	0.691866925924	0.703949043536	0.65386807919	0.717364607974	0.756776355951	0.71346758422	0.691260053695	0.749004962987	0.720311816717	0.670317658192	0.766156405116	0.692753842776	0.698435234308	0.653567288614
PBW59	0.695198704954	0.731427118951	0.730499016097	0.725003021518	0.694253150203	0.717898027486	0.73286199483	0.71892995216	0.741599266994	0.742582209974	0.661925793947	0.696285652482	0.667261645053	0.691193422458	0.715694919788	0.766346139567	0.684289734551	0.695284798758	0.695137915209	0.735167056708	0.691884664701	0.718565258795	0.722584983632	0.648241645792	0.0	0.707180749401	0.722579012033	0.739780730231	0.685033033051	0.713786064024	0.692776564809	0.706557132783	0.686131495588	0.683940686593	0.713889973517	0.714612357432	0.702773410489	0.737116594643	0.735910883109	0.685014566813	0.699161717056	0.726384364557	0.71653845951	0.715872997851	0.691703335744	0.73100964312	0.651631678056	0.714108720601	0.674286361658	0.729975217669	0.738949108255	0.743240001997	0.679132604769	0.717262674868	0.739807303329	0.649699644161	0.702920737435	0.680698761667	0.654154052274	0.630709119603
PBW60	0.691661978723	0.746369241085	0.684571322539	0.674258971486	0.729723192177	0.630860690003	0.747590955411	0.730639456096	0.752501120179	0.682937152931	0.727625824052	0.704054806811	0.706997902555	0.664448873348	0.691753131054	0.700918320161	0.718440705657	0.717365899746	0.649138959139	0.64582485866	0.715609171491	0.686620476969	0.69500274759	0.715462133659	0.707180749401	0.0	0.754999513227	0.724683725969	0.693499310753	0.647210338089	0.650075292103	0.748369010097	0.725237119483	0.68797189303	0.672939681663	0.662419261757	0.715098784923	0.689228565336	0.699773839468	0.626223533872	0.663258846213	0.714978273029	0.674373041928	0.709497774101	0.674711590332	0.681796996477	0.741824550343	0.695899963355	0.687855231959	0.718328902561	0.707144232599	0.703362332644	0.671133159848	0.717659716098	0.660769383239	0.714183846696	0.654351485646	0.695265283545	0.664119060408	0.638987141472
PEP16	0.737715687289	0.784168780545	0.767540945572	0.735836885776	0.738109750922	0.748411495952	0.759322455085	0.752612998159	0.759359080016	0.739869828675	0.76567458542	0.722334515718	0.785697908094	0.753251385307	0.733650942545	0.738733324192	0.750330335619	0.746924974777	0.736815997191	0.758781934637	0.757455816121	0.700724247306	0.681141086353	0.739925897598	0.722579012033	0.754999513227	0.0	0.69874381531	0.706340642416	0.706771974307	0.675109803047	0.739382857408	0.661630441755	0.733985726365	0.732332672197	0.711975634898	0.690949918219	0.770074565891	0.752846062899	0.758714886887	0.728362503246	0.725066403164	0.756580978715	0.732090972653	0.732811535467	0.728717813989	0.732669308786	0.744971742393	0.773459787261	0.778306216787	0.759270290568	0.754503769597	0.6988461283	0.763003173356	0.757159549059	0.747382772404	0.763185458882	0.739106855772	0.715966252468	0.764967698991
PEP18	0.757900175682	0.748806829056	0.794762338103	0.713406877818	0.75367358112	0.762474002245	0.763017365226	0.749804484886	0.744267648289	0.735628911591	0.76843421387	0.740638063957	0.763934240138	0.76479903033	0.772593859795	0.792834771135	0.768101067157	0.781969403825	0.726648394385	0.675839810235	0.791560281215	0.676794811059	0.677974729379	0.740159131097	0.739780730231	0.724683725969	0.69874381531	0.0	0.682362919293	0.669268758511	0.6775959843	0.692860760861	0.618731501232	0.646498815697	0.752847275513	0.673371894653	0.765949254674	0.73206434176	0.76219311551	0.780032081823	0.698242075213	0.755902589357	0.771609641365	0.7432117739	0.769899029864	0.728037367103	0.736945157746	0.777563019107	0.782487403829	0.768747155886	0.752601042546	0.715035569651	0.752946576254	0.738540653864	0.70903661327	0.696576089675	0.682646066848	0.689270030972	0.714246032629	0.713538794534
PEP21	0.663314081939	0.802648616074	0.71959063664	0.737678375243	0.701437667621	0.698481677604	0.777027007442	0.766751134826	0.783703960279	0.705983093623	0.689538623922	0.76129280472	0.688522238128	0.645983075539	0.753458418887	0.753147303259	0.734938005606	0.653380751905	0.692748301411	0.741618099036	0.715774758124	0.711595357411	0.691409853648	0.693134845262	0.685033033051	0.693499310753	0.706340642416	0.682362919293	0.0	0.663073055479	0.661334452766	0.754074138617	0.660401740885	0.656420141937	0.6682702599	0.665886242396	0.755078247263	0.738078553868	0.735611116306	0.673404770026	0.703544364668	0.738087339938	0.715626130705	0.75731950243	0.725816496267	0.723039171362	0.705127333275	0.775580282843	0.650593806306	0.747065670649	0.724081334807	0.734504764076	0.733970615472	0.693815254844	0.689854167028	0.651743743506	0.73644538825	0.700941293939	0.764902626288	0.632310155106
PEP23	0.694244027891	0.717184408863	0.710454527218	0.700402987338	0.703789107748	0.682848905477	0.74362383934	0.715671551603	0.751414934717	0.690989859704	0.718511212976	0.726959070535	0.701324027483	0.71343948293	0.725554595537	0.719652298336	0.71301253746	0.69172873067	0.687456115787	0.645110696701	0.725454849879	0.681252662444	0.700747572875	0.745095374024	0.713786064024	0.647210338089	0.706771974307	0.669268758511	0.663073055479	0.0	0.620212254911	0.688744697782	0.645208092243	0.630302406886	0.648768721469	0.656734696597	0.754409710197	0.703907810356	0.690416772446	0.714274493775	0.674837742753	0.70672907784	0.716328717224	0.706172292999	0.688864322951	0.716919372277	0.735961451155	0.739748720191	0.716161984939	0.761642837706	0.679980524713	0.704216599606	0.715606436749	0.677678601614	0.731240645726	0.724789638783	0.693258337546	0.69116428079	0.714268087861	0.677010927609
PEP24	0.665661209268	0.762390877465	0.704337292593	0.675839266061	0.709375374656	0.666689838841	0.746453156562	0.75778120377	0.75279422531	0.706508882842	0.708848887436	0.714993601517	0.703639851379	0.699590924089	0.750021346084	0.754839322537	0.729010441581	0.754078487109	0.709542426249	0.692470686507	0.746744264851	0.699896365581	0.713330913243	0.730539725497	0.692776564809	0.650075292103	0.675109803047	0.6775959843	0.661334452766	0.620212254911	0.0	0.7141525078	0.643633854499	0.664130989783	0.717068723254	0.673756030874	0.7261852753	0.729780033911	0.714747754367	0.701536458245	0.671069161674	0.700674609238	0.708209433479	0.711930448578	0.706614310785	0.702247574532	0.748456468805	0.774941311425	0.740742138537	0.761847488273	0.739264482416	0.746491669663	0.715493685049	0.722120411718	0.707478520087	0.726104237669	0.681832147213	0.655463077885	0.701814795355	0.694003337415
PEP26	0.735972541043	0.614010953342	0.752712789398	0.694974987591	0.720065668532	0.741963393005	0.690780014567	0.629958014444	0.656947951471	0.711402676572	0.704068539517	0.665486092068	0.659685925785	0.74225420177	0.724691514345	0.730661336902	0.726088119552	0.730903290393	0.756181518819	0.709727284537	0.74246219597	0.717661952727	0.762138486536	0.703009819375	0.706557132783	0.748369010097	0.739382857408	0.692860760861	0.754074138617	0.688744697782	0.7141525078	0.0	0.663029952187	0.743173512992	0.703010070311	0.730275845222	0.71692723392	0.690681085482	0.724771737506	0.689542061244	0.692560191183	0.677472716022	0.69441971866	0.706216500618	0.703345136244	0.731687768877	0.695161590076	0.732627157027	0.704680015072	0.70118360886	0.740455214177	0.705245313514	0.644459891493	0.691045838485	0.72284338045	0.73597513154	0.718639201087	0.692413059415	0.653141420987	0.695979966675
PEP27	0.692351102549	0.730990166113	0.74219468292	0.684106610413	0.722882458008	0.724944046079	0.734629741379	0.727562213874	0.73418311809	0.698317633656	0.721629820094	0.705267203445	0.705133384046	0.729618338705	0.72216355245	0.749339476662	0.737499606468	0.755944884797	0.721860689928	0.678356393325	0.710879730667	0.604882900477	0.669540645803	0.701532785129	0.686131495588	0.725237119483	0.661630441755	0.618731501232	0.660401740885	0.645208092243	0.643633854499	0.663029952187	0.0	0.692927408786	0.71221875967	0.679038829107	0.706098627185	0.717996693206	0.710785506785	0.699159718259	0.635491978265	0.708993142154	0.721093771233	0.6779705465	0.704569194473	0.670408372457	0.719052848428	0.744123360451	0.749209721328	0.711699699384	0.726701071246	0.695221194581	0.697924606616	0.69620415255	0.670970871204	0.638790794115	0.711399067505	0.652740795775	0.689730442735	0.665619660333
PEP28	0.659205159717	0.764826207593	0.716008244512	0.713722322065	0.711474452904	0.673402244877	0.741710426548	0.751384906353	0.777513813936	0.686209326193	0.719251956137	0.744884857675	0.733641149306	0.722435246599	0.739212271785	0.737923133903	0.752717145599	0.704221572922	0.702712337799	0.70714896872	0.758569931332	0.677972170484	0.648052036942	0.721029127875	0.683940686593	0.68797189303	0.733985726365	0.646498815697	0.656420141937	0.630302406886	0.664130989783	0.743173512992	0.692927408786	0.0	0.706600551703	0.647151449424	0.745631360012	0.713309264134	0.682463907006	0.726013272047	0.706990752395	0.735796988103	0.717751332281	0.733906868622	0.742832723094	0.722309098206	0.719436806499	0.726729657741	0.682076076255	0.756559731541	0.729298540602	0.707153449626	0.749398371028	0.663851281125	0.736049943378	0.715016513738	0.603056050164	0.721002458652	0.716931053715	0.67153105246
PEP29	0.715584166087	0.732147033067	0.729688799132	0.72915146484	0.71697907172	0.686125327515	0.74896770278	0.742070336408	0.740965457627	0.703360446848	0.694150018982	0.714370747263	0.695311989269	0.738551431616	0.706634995383	0.708486259211	0.726971822525	0.67384675345	0.702496448683	0.737884530769	0.728208303674	0.722296123145	0.674868147596	0.754294274662	0.713889973517	0.672939681663	0.732332672197	0.752847275513	0.6682702599	0.648768721469	0.717068723254	0.703010070311	0.71221875967	0.706600551703	0.0	0.647754343851	0.732532180106	0.695084642094	0.719841589547	0.650431528832	0.692441304205	0.691661575323	0.632577804358	0.685994596823	0.682856604875	0.743084353746	0.722676783477	0.700942240279	0.659379589586	0.718207920029	0.731189817014	0.739542721086	0.688873234089	0.675030278382	0.682389170201	0.762156138714	0.729836278221	0.756312269581	0.709945447423	0.695979282707
PEP30	0.683847694306	0.758859432782	0.703814267291	0.713351609768	0.729952887365	0.723631121156	0.754609387647	0.731841741611	0.75691690062	0.703594553722	0.73480502381	0.706099545771	0.749334051804	0.683517863363	0.72419608596	0.725443107644	0.730688238097	0.725421890339	0.682763586538	0.681991667316	0.739012043274	0.712021012562	0.670949792788	0.724261181324	0.714612357432	0.662419261757	0.711975634898	0.673371894653	0.665886242396	0.656734696597	0.673756030874	0.730275845222	0.679038829107	0.647151449424	0.647754343851	0.0	0.75265508647	0.702182068187	0.70873765073	0.68645408143	0.682977617615	0.690394982989	0.702336664337	0.697968290457	0.728890108645	0.692645779235	0.730219150908	0.726546666123	0.701751383994	0.688938692506	0.719771457786	0.695033558271	0.718151421719	0.719120777297	0.670039528985	0.706187243277	0.680578617226	0.729718593579	0.712138303644	0.682003752799
PIS1	0.690042608383	0.683933154424	0.710735305874	0.6463669054	0.701002518553	0.671222223857	0.68997259423	0.669016048934	0.69221973289	0.700958863759	0.706626436815	0.64809812817	0.696177325995	0.756181802069	0.680288235781	0.758300579617	0.765663875742	0.770374758745	0.761511569989	0.740386460696	0.708704875543	0.701972582409	0.737443169208	0.682962298735	0.702773410489	0.715098784923	0.690949918219	0.765949254674	0.755078247263	0.754409710197	0.7261852753	0.71692723392	0.706098627185	0.745631360012	0.732532180106	0.75265508647	0.0	0.707028111118	0.720646682706	0.664846241577	0.6759678073	0.674288239697	0.649199949941	0.674690875699	0.650804302099	0.649374721421	0.723368688598	0.700413859979	0.743560822269	0.727177550599	0.778911734141	0.6812953317	0.708522145871	0.754927781385	0.686067245414	0.706465720971	0.752004337182	0.726533909541	0.614374125195	0.720975948127
PIS2	0.712183082056	0.728944902928	0.715477937047	0.670711480713	0.75992663897	0.684412565717	0.659108205616	0.680854907497	0.710270049666	0.654995542634	0.710305524232	0.698636845587	0.731381496445	0.727419932189	0.694618722151	0.711394254249	0.753820576155	0.772237497644	0.684763353778	0.68501787213	0.744278169316	0.687331769285	0.752441265593	0.729510897586	0.737116594643	0.689228565336	0.770074565891	0.73206434176	0.738078553868	0.703907810356	0.729780033911	0.690681085482	0.717996693206	0.713309264134	0.695084642094	0.702182068187	0.707028111118	0.0	0.704797352184	0.680702989808	0.686862531281	0.728260976923	0.675693657796	0.678385199773	0.717919946265	0.685205641776	0.702262825271	0.705558199302	0.735031984013	0.725327135834	0.750134190392	0.671061281571	0.715745346868	0.714178552965	0.713950605651	0.713813157023	0.71273551237	0.735560906772	0.719504713529	0.691064238353
PIS4	0.63704980013	0.722597099202	0.63299693231	0.705608186049	0.699606039772	0.663322538319	0.707045820505	0.665788669715	0.709946713167	0.615246885721	0.678818901905	0.726024385796	0.676067706734	0.740220345634	0.758099705864	0.753092131981	0.75818877157	0.756087988611	0.701190339332	0.731642719744	0.760206537391	0.724014771985	0.672468347961	0.728224958143	0.735910883109	0.699773839468	0.752846062899	0.76219311551	0.735611116306	0.690416772446	0.714747754367	0.724771737506	0.710785506785	0.682463907006	0.719841589547	0.70873765073	0.720646682706	0.704797352184	0.0	0.665081028481	0.716290146088	0.687909410165	0.663420663681	0.67840565088	0.680411023186	0.66446260598	0.766796440291	0.745076378269	0.724013513662	0.769050594773	0.752593508634	0.710004528557	0.719623427283	0.753857632566	0.695433792936	0.731186994125	0.682951692088	0.743752872736	0.719866109701	0.666912622329
PIS5	0.696198644088	0.683860848831	0.653617188028	0.707988898488	0.696847774291	0.620290257034	0.709946799902	0.682084220637	0.741233166764	0.676946993636	0.682299916901	0.697496160816	0.674665479031	0.703454161426	0.632477612901	0.675120772252	0.735282587139	0.712199482682	0.721219572434	0.737570162478	0.707817374824	0.72861661194	0.718076391685	0.676324270097	0.685014566813	0.626223533872	0.758714886887	0.780032081823	0.673404770026	0.714274493775	0.701536458245	0.689542061244	0.699159718259	0.726013272047	0.650431528832	0.68645408143	0.664846241577	0.680702989808	0.665081028481	0.0	0.670695757492	0.624001053063	0.555499580011	0.615731052618	0.582749158149	0.623934103219	0.656639245261	0.632964362222	0.586698729939	0.631706698098	0.648522773099	0.656429888034	0.674985696581	0.687870665334	0.630260533305	0.659876975011	0.706230627359	0.765742567661	0.669420879534	0.633923683204
PIS7	0.688272584042	0.693707341473	0.72384129314	0.64568158412	0.710309295407	0.676735247588	0.696037348363	0.679693528743	0.724291307294	0.707373387742	0.709968694015	0.721899055088	0.67803479924	0.700284488783	0.72525583285	0.763479689483	0.721596889982	0.749903620385	0.701090425757	0.644348029895	0.740642790184	0.67984012881	0.707803525647	0.7527512928	0.699161717056	0.663258846213	0.728362503246	0.698242075213	0.703544364668	0.674837742753	0.671069161674	0.692560191183	0.635491978265	0.706990752395	0.692441304205	0.682977617615	0.6759678073	0.686862531281	0.716290146088	0.670695757492	0.0	0.730372000615	0.693260467582	0.694482628478	0.706732272785	0.666324005419	0.697606036416	0.752138594294	0.728366986049	0.735343473534	0.746993903344	0.680824080957	0.684224619173	0.687256565451	0.680019347321	0.705886579363	0.730301190285	0.652357520936	0.643062448439	0.673919757891
PIS9	0.714430777767	0.605830042772	0.708944183113	0.675948978223	0.709542694633	0.673209731788	0.697769062418	0.645272484365	0.683970092266	0.634003128237	0.714535791039	0.653218150353	0.668822520785	0.68715872541	0.699039133153	0.712305393138	0.73426171398	0.69543621891	0.694396921158	0.746952817271	0.698269843435	0.7347990279	0.767716486486	0.659445341824	0.726384364557	0.714978273029	0.725066403164	0.755902589357	0.738087339938	0.70672907784	0.700674609238	0.677472716022	0.708993142154	0.735796988103	0.691661575323	0.690394982989	0.674288239697	0.728260976923	0.687909410165	0.624001053063	0.730372000615	0.0	0.649184958642	0.652096710588	0.63196300987	0.642575580459	0.745555715499	0.654094505752	0.678006735711	0.71935740716	0.664843144692	0.662485205157	0.650054064472	0.713796496271	0.678995458143	0.747678497278	0.764826264013	0.770766142827	0.722013301899	0.705112689768
PIS10	0.679500267751	0.697455882524	0.702389448747	0.706349275162	0.681976297246	0.656585817501	0.672508184485	0.654517899663	0.704971363514	0.647372787412	0.642756416508	0.702104216594	0.672490943295	0.727437609332	0.686639800573	0.681565841305	0.734546890598	0.72669598147	0.730617864815	0.745662247401	0.707988549342	0.712709143766	0.723979216767	0.713098279712	0.71653845951	0.674373041928	0.756580978715	0.771609641365	0.715626130705	0.716328717224	0.708209433479	0.69441971866	0.721093771233	0.717751332281	0.632577804358	0.702336664337	0.649199949941	0.675693657796	0.663420663681	0.555499580011	0.693260467582	0.649184958642	0.0	0.650745126654	0.621374132036	0.646167465087	0.665024786121	0.655045706858	0.672876923665	0.698900005434	0.717289436706	0.689799173891	0.714456451178	0.681916690633	0.651139523482	0.679401678375	0.703711764055	0.763816775529	0.677354519345	0.684357057187
PIS11	0.709785129393	0.670033299882	0.70206518963	0.660809270475	0.674822217385	0.686544696444	0.659548671285	0.658196760757	0.675548227125	0.665142787026	0.676146898102	0.663887798671	0.669407253279	0.76237663625	0.711542798208	0.775603090041	0.753994875051	0.788588332556	0.737073923589	0.730895578932	0.752923866495	0.728582950807	0.763233754473	0.702492862082	0.715872997851	0.709497774101	0.732090972653	0.7432117739	0.75731950243	0.706172292999	0.711930448578	0.706216500618	0.6779705465	0.733906868622	0.685994596823	0.697968290457	0.674690875699	0.678385199773	0.67840565088	0.615731052618	0.694482628478	0.652096710588	0.650745126654	0.0	0.626090677597	0.64540701105	0.738136058583	0.728138799319	0.732567421909	0.735205714915	0.757894579856	0.702569663293	0.72470125161	0.735416841595	0.667889941271	0.708729607037	0.75108436771	0.741119267356	0.682488430063	0.68563408868
