	DA5	DB5	DC5	DD5	DE5	DF5	DG5	DH5	DA2	DB2	DC2	DD2	DE2	DF2	DG2	DH2	DA1	DB1	DC1	DD1	DE1	DF1	DG1	DH1	DA4	DB4	DC4	DD4	DE4	DF4	DG4	DH4	DA6	DB6	DC6	DD6	DE6	DF6	DG6	DH6	DA7	DB7	DC7	DD7	DE7	DF7	DG7	DH7	DA8	DB8	DC8	DD8	DF8	DG8	DH8	DA3	DB3	DC3	DD3	DE3	DF3	DG3	DH3
DA5	0.0	0.616293859678	0.549210605696	0.556713246084	0.592819417064	0.548882092728	0.520635496046	0.467507528924	0.603466212433	0.658032985663	0.631814231094	0.665689824193	0.688578593526	0.677372824554	0.698183207153	0.597083963647	0.63935676437	0.649989465852	0.65510903024	0.594984103544	0.586410810578	0.637307728119	0.607972061743	0.655575666098	0.664123127759	0.66401896465	0.644884111841	0.67010213343	0.661095403723	0.676619865255	0.652227526696	0.644755052256	0.68483480175	0.683009496439	0.681408885003	0.649801384674	0.668341872402	0.68341586772	0.687927464076	0.690638298023	0.752370102622	0.717729742619	0.71446640507	0.7320546386	0.776687832728	0.691749450706	0.715034166914	0.771031838868	0.757278755217	0.716484813157	0.750283857504	0.719952697033	0.7497898235	0.769259406038	0.737608945284	0.614785330056	0.638796289799	0.711029001103	0.673678179136	0.66166434142	0.648630518441	0.638557410434	0.660063180312
DB5	0.616293859678	0.0	0.556741901105	0.54455036644	0.559065914474	0.57581303912	0.512691004812	0.58851836961	0.607010016982	0.643096646901	0.641695345558	0.661159965006	0.683264498663	0.70998461976	0.67867429628	0.616447677723	0.638328107434	0.660990208247	0.669471396455	0.625687038055	0.586835372708	0.651182063239	0.644578179347	0.639986696968	0.655908721911	0.679222788965	0.619910014972	0.671972826293	0.641971949282	0.661252000137	0.650276823966	0.663962169114	0.670024108366	0.673008736447	0.676019434848	0.689856466808	0.67745842276	0.679643674439	0.690905446022	0.722651381993	0.730665934902	0.683717990028	0.695145003184	0.702534223488	0.735149509612	0.727448055556	0.704448015957	0.712682562833	0.751437873748	0.736992752434	0.729786552114	0.710027286388	0.716739842189	0.753793560901	0.766614585843	0.61350234465	0.632136643554	0.699464986979	0.70038438536	0.684246213501	0.657368711738	0.621697591614	0.666831300711
DC5	0.549210605696	0.556741901105	0.0	0.525705993266	0.499843044954	0.480630890309	0.477022748539	0.546700854305	0.583247777536	0.642149010158	0.635955467135	0.621710531643	0.677691736894	0.688402402129	0.671148891181	0.591403258417	0.594649410545	0.640803824486	0.645176779588	0.570125055773	0.563173062065	0.592708156783	0.574364291799	0.594760027025	0.637060508993	0.636832895669	0.638118649814	0.641619544306	0.638467553965	0.700455093013	0.611560367129	0.634512671908	0.627034125681	0.639229026985	0.644920239902	0.630440016882	0.625170592307	0.632956793191	0.642170024525	0.678477630224	0.698017526129	0.659266813541	0.666785205164	0.66771077898	0.710881068621	0.648749849528	0.650171808314	0.719711051125	0.697061633156	0.64952350678	0.707423792046	0.68150250758	0.688432080543	0.756531869877	0.750844854071	0.60795043143	0.600160125289	0.673782234623	0.646264761701	0.625484281899	0.596042227946	0.625160306647	0.592332050741
DD5	0.556713246084	0.54455036644	0.525705993266	0.0	0.534112451746	0.520640377499	0.523961532079	0.561856750374	0.572711612935	0.615445426804	0.629827173544	0.619778146134	0.647122678545	0.662586873608	0.664280920155	0.616379028719	0.619875770205	0.592124353052	0.620075976461	0.575012884642	0.574388414923	0.602891054126	0.585190807082	0.61340111109	0.621622455156	0.626167252003	0.610223483976	0.627638266793	0.627346791926	0.701184475997	0.611456612425	0.624074233303	0.654134112529	0.61495776669	0.652078535091	0.681518397743	0.621524720216	0.63416523721	0.668735566099	0.696515070347	0.719755931262	0.639959267943	0.693734380059	0.715627479991	0.744438182671	0.679036388524	0.702543213572	0.719564881114	0.72743758984	0.695613483485	0.728400932882	0.707018167689	0.713734453071	0.710018639501	0.731634817401	0.575100989965	0.613965168607	0.655050937652	0.658611740597	0.63059964218	0.615889143748	0.618110560209	0.612509128251
DE5	0.592819417064	0.559065914474	0.499843044954	0.534112451746	0.0	0.516035754509	0.538870443479	0.5535836099	0.577662938157	0.671934781979	0.655147659639	0.644829402288	0.662620380132	0.675781388889	0.664986530503	0.578683142294	0.591941525561	0.608392272572	0.633642426242	0.56014247907	0.54655224196	0.579530513937	0.588132950609	0.586467711542	0.614865715942	0.60766106704	0.617494312578	0.65038569362	0.626923791479	0.674760462028	0.612216453824	0.607489542388	0.65683185381	0.672560360081	0.675979373671	0.685604519464	0.650879185085	0.672790457133	0.658307531108	0.677266572771	0.711705973758	0.659948977914	0.689681617306	0.68275855472	0.719074978226	0.675118889428	0.674622454092	0.734818247974	0.714413419411	0.689309733694	0.71437162976	0.689634027863	0.708179863639	0.720432205474	0.745098069079	0.608708417557	0.620075745392	0.647586793466	0.641963184151	0.672868513431	0.598616627076	0.629821044536	0.616791984507
DF5	0.548882092728	0.57581303912	0.480630890309	0.520640377499	0.516035754509	0.0	0.513285426529	0.544862037489	0.577959049554	0.658988696476	0.631989816343	0.657249583152	0.663325194676	0.66908987532	0.637239256992	0.589590506452	0.597360997264	0.617528726794	0.619353822296	0.569778739231	0.541562827812	0.601916644883	0.559212159231	0.594175135979	0.616543435451	0.605285112028	0.609566869609	0.654648575883	0.603869681303	0.671800843349	0.600637275573	0.612761296679	0.651006312368	0.655426362646	0.670230590959	0.675346294889	0.617035888993	0.624457734391	0.663310352835	0.68607553489	0.709953658124	0.656450392758	0.670745181175	0.681151934155	0.741964498539	0.655852411862	0.664490847331	0.729159100112	0.712588477922	0.675945572418	0.725911905493	0.692443816211	0.71253554777	0.720166030845	0.749773902078	0.594431820737	0.617770077986	0.644637781056	0.651401524399	0.64372298948	0.613719668722	0.625417551755	0.610971756061
DG5	0.520635496046	0.512691004812	0.477022748539	0.523961532079	0.538870443479	0.513285426529	0.0	0.522907492174	0.590270996206	0.63302526149	0.612698125045	0.631165713156	0.680391283017	0.681108114376	0.654898064041	0.587929036221	0.59571378303	0.617671355244	0.623799421759	0.591000013519	0.589312720195	0.5873120222	0.574988306419	0.605986782561	0.631011579216	0.639762603223	0.610914761372	0.641823825605	0.604922058871	0.674640507326	0.596437128832	0.633312511783	0.668228349852	0.668603623193	0.678843479375	0.664572378083	0.640373026127	0.631665957987	0.669148143549	0.684685901158	0.742415249333	0.704775320221	0.676884424282	0.704028424314	0.74682519269	0.68975327999	0.701311196514	0.751847109791	0.727141432466	0.687662502842	0.741712667361	0.687551916995	0.708368200179	0.745054501109	0.731652361922	0.591529054048	0.601457079538	0.669575613276	0.661396485354	0.619697791626	0.615876943972	0.619562562388	0.629238010972
DH5	0.467507528924	0.58851836961	0.546700854305	0.561856750374	0.5535836099	0.544862037489	0.522907492174	0.0	0.590907018211	0.623761733489	0.60715958362	0.615463350257	0.647688766168	0.652907000103	0.647730234494	0.581907371984	0.614473460171	0.652100054845	0.605568200607	0.550866742189	0.574975318882	0.612700606163	0.600186476648	0.609653007778	0.608906504957	0.625172907175	0.601101732164	0.624527742116	0.611840219039	0.66806003518	0.611985231556	0.635267520864	0.686943331755	0.685702194056	0.674339788291	0.67719025769	0.676969767346	0.647747812402	0.686693259813	0.681945661227	0.767376625618	0.725366081757	0.68815712576	0.735971550309	0.7718918585	0.698832690801	0.709105502243	0.784056882161	0.725775083031	0.676829254143	0.74865728671	0.71159460362	0.746097484517	0.732805654832	0.731921811496	0.593713203458	0.61330803535	0.667291398479	0.631804142691	0.629088944858	0.608455110389	0.636032523998	0.59647853178
DA2	0.603466212433	0.607010016982	0.583247777536	0.572711612935	0.577662938157	0.577959049554	0.590270996206	0.590907018211	0.0	0.60337876983	0.600111013493	0.604888610322	0.599958117929	0.635648933848	0.619269710587	0.435643546649	0.573679884841	0.633882542617	0.593542529159	0.610981750154	0.553082528854	0.620404382588	0.608895543183	0.581955412118	0.619415579276	0.625461010352	0.573710957719	0.586906521302	0.619070636595	0.674226562302	0.600383898059	0.594737065767	0.657160955146	0.647250429047	0.649787483381	0.682422116946	0.659137666828	0.646778388707	0.698732943349	0.702139783519	0.740205750615	0.670939630608	0.693050078235	0.707776154285	0.748001632736	0.685291340335	0.697572342128	0.741992796496	0.69794894811	0.645515795623	0.646372720167	0.668095100732	0.667250775201	0.689518527061	0.708058936294	0.550420890955	0.582525652151	0.622196765525	0.606693343486	0.617357096615	0.603850985637	0.607491086262	0.588667865268
DB2	0.658032985663	0.643096646901	0.642149010158	0.615445426804	0.671934781979	0.658988696476	0.63302526149	0.623761733489	0.60337876983	0.0	0.558247694437	0.529351515701	0.540190488256	0.560623945968	0.520079568067	0.650415954365	0.586443286469	0.676809626055	0.61248557276	0.637889780533	0.668888989126	0.651435621342	0.634660991405	0.596509747954	0.655641900183	0.64929474797	0.683642223223	0.637761904729	0.634551404343	0.766357115758	0.641118053728	0.733986932202	0.694207766322	0.695927491175	0.646426960564	0.730574753738	0.680532508236	0.671621271039	0.709295751547	0.731649785509	0.792690112346	0.729841791603	0.729946172567	0.743359440243	0.814569583551	0.709801179523	0.731776721158	0.797050440133	0.702799219663	0.668471145832	0.749659454626	0.68367837106	0.7102263429	0.682259580037	0.690470777917	0.647195881859	0.645673059695	0.636268937803	0.633003998791	0.588604496658	0.629489251626	0.670994393748	0.627667996406
DC2	0.631814231094	0.641695345558	0.635955467135	0.629827173544	0.655147659639	0.631989816343	0.612698125045	0.60715958362	0.600111013493	0.558247694437	0.0	0.563486988953	0.610539101731	0.540735509257	0.553362098095	0.629695561527	0.549293856009	0.645785551207	0.625035406204	0.633622351498	0.65079994411	0.646981992334	0.578082007985	0.593096688742	0.611175378088	0.665457199862	0.666251147437	0.619087464805	0.614023505409	0.722480218063	0.586206786036	0.7001940071	0.730881597211	0.694006886295	0.665726726712	0.713629784775	0.682074188712	0.660426957578	0.699520612301	0.705518567581	0.775787189765	0.746944247531	0.72238249322	0.713845261762	0.794028857291	0.697068226733	0.740058100875	0.805760558444	0.680620614013	0.668548289835	0.74220205392	0.688670661056	0.723698040112	0.679387072811	0.690267974167	0.642444006444	0.648595552715	0.650688112603	0.648760719022	0.593675587357	0.625046316648	0.684922950047	0.632479217124
DD2	0.665689824193	0.661159965006	0.621710531643	0.619778146134	0.644829402288	0.657249583152	0.631165713156	0.615463350257	0.604888610322	0.529351515701	0.563486988953	0.0	0.468636273597	0.520462660792	0.541887898337	0.663065901644	0.520687061112	0.643099018198	0.596899177134	0.632480497501	0.679679969875	0.601733525516	0.609738949867	0.535065416736	0.566230252202	0.588656598585	0.640373910707	0.574303130664	0.573849130229	0.75895042508	0.562126703585	0.67179595488	0.678318318318	0.674753879871	0.635168322308	0.713509406241	0.686785565354	0.619235907711	0.691589542088	0.684708791629	0.771613571132	0.715156809948	0.690852543541	0.709543468144	0.789781303301	0.684486357082	0.699237977664	0.772718707499	0.639595483164	0.641743230734	0.709605227164	0.673517087366	0.687801870214	0.641548538218	0.624794972667	0.645643428273	0.659057811652	0.599697983574	0.574752107734	0.572463425662	0.638916052688	0.687261229602	0.600416422584
DE2	0.688578593526	0.683264498663	0.677691736894	0.647122678545	0.662620380132	0.663325194676	0.680391283017	0.647688766168	0.599958117929	0.540190488256	0.610539101731	0.468636273597	0.0	0.523431529439	0.567786306165	0.664895527612	0.566807669112	0.676125938843	0.562680595957	0.640396034225	0.68364270687	0.595514919997	0.620460897864	0.561118869292	0.61608496212	0.595002894289	0.662018876246	0.600524058834	0.611955768021	0.76995883963	0.596509661913	0.693595961148	0.687743315415	0.665657366843	0.649452566778	0.732900736794	0.663809036119	0.620269763478	0.709969604947	0.711392987353	0.797338526214	0.710290616202	0.724112281155	0.729735338215	0.808420858969	0.692240467266	0.692431672756	0.778467295326	0.62562827374	0.63883347419	0.699651126531	0.697587348265	0.704025371622	0.631625463733	0.636868262796	0.628310641825	0.652031577976	0.587682731041	0.558649398227	0.574189497503	0.65511161084	0.66846815951	0.579530431918
DF2	0.677372824554	0.70998461976	0.688402402129	0.662586873608	0.675781388889	0.66908987532	0.681108114376	0.652907000103	0.635648933848	0.560623945968	0.540735509257	0.520462660792	0.523431529439	0.0	0.528331148986	0.671926913843	0.552214848549	0.678776634202	0.607576779449	0.638416247814	0.689317175685	0.614908271262	0.648987030517	0.572550867878	0.62840618158	0.60135430656	0.701494504309	0.634424504494	0.61014944427	0.764695342344	0.596706971445	0.697595076157	0.726785371655	0.722630462718	0.681435379103	0.765244263921	0.714945279297	0.64699767886	0.720209917433	0.711295808902	0.803081769497	0.756631582555	0.747094519287	0.76398598423	0.843305900524	0.701344877866	0.726954236735	0.818497086844	0.670678170784	0.672283014176	0.732806727091	0.701351034802	0.741411260387	0.627471488809	0.654516228137	0.666528118574	0.686572125754	0.586641203702	0.574689990435	0.571823980503	0.66515185622	0.714107870686	0.613637173279
DG2	0.698183207153	0.67867429628	0.671148891181	0.664280920155	0.664986530503	0.637239256992	0.654898064041	0.647730234494	0.619269710587	0.520079568067	0.553362098095	0.541887898337	0.567786306165	0.528331148986	0.0	0.643580250204	0.557418692342	0.678607185529	0.608426446237	0.654834371509	0.665340683511	0.627907232924	0.618007632186	0.56362165794	0.607808031863	0.621804596942	0.692622929602	0.638880319103	0.605071709226	0.768127139251	0.600273579334	0.716974968943	0.732022251568	0.698170320348	0.677435411168	0.739877044199	0.684309477656	0.63977583003	0.711065194536	0.717236638256	0.792155629851	0.756363545354	0.716034302954	0.741331228082	0.811297031785	0.703071912898	0.724051330298	0.807867037154	0.661254741862	0.651476116464	0.739872768604	0.670076650118	0.721606750593	0.642838073183	0.661037880014	0.689873415085	0.669462158763	0.611394128798	0.630049992548	0.594882476273	0.660576534184	0.699701273997	0.637634061348
DH2	0.597083963647	0.616447677723	0.591403258417	0.616379028719	0.578683142294	0.589590506452	0.587929036221	0.581907371984	0.435643546649	0.650415954365	0.629695561527	0.663065901644	0.664895527612	0.671926913843	0.643580250204	0.0	0.611269919974	0.619650789137	0.634232499972	0.616844337439	0.550683498693	0.632918904675	0.627553570587	0.617324430898	0.641741958638	0.652595873755	0.618807940237	0.647731062294	0.650648167775	0.665161263409	0.63651888484	0.637246222376	0.667327603615	0.682034588233	0.706712138795	0.687375054667	0.682868500184	0.679188930411	0.700035263082	0.697507457686	0.747439393039	0.703429872548	0.707570999502	0.690930657701	0.732533584253	0.703567536867	0.701141175798	0.76038060427	0.717970988998	0.660704266745	0.697348379875	0.678577755342	0.700300344174	0.715890743879	0.748141204408	0.635485281161	0.619806428837	0.675011783238	0.653504436986	0.669577222517	0.634606578288	0.655938353604	0.643369389317
DA1	0.63935676437	0.638328107434	0.594649410545	0.619875770205	0.591941525561	0.597360997264	0.59571378303	0.614473460171	0.573679884841	0.586443286469	0.549293856009	0.520687061112	0.566807669112	0.552214848549	0.557418692342	0.611269919974	0.0	0.588867089034	0.559878110685	0.575494076782	0.60645761216	0.555669872822	0.556842597449	0.468828831207	0.519491865847	0.532465300825	0.602944856302	0.557019983182	0.527294785627	0.708759528956	0.485825171603	0.631771033065	0.656419257121	0.657775967257	0.611431961519	0.663050612339	0.627149928416	0.602275657163	0.66047058633	0.679957630505	0.74081413946	0.690126967033	0.659573517271	0.681664363309	0.755734861396	0.64137832942	0.657100819818	0.756672304599	0.604026572456	0.570780632172	0.67176692323	0.616044237266	0.655446509543	0.587254220571	0.61839699881	0.610525048365	0.63644674547	0.586436718674	0.558204137386	0.561688833985	0.613978971252	0.655583043433	0.552803988168
DB1	0.649989465852	0.660990208247	0.640803824486	0.592124353052	0.608392272572	0.617528726794	0.617671355244	0.652100054845	0.633882542617	0.676809626055	0.645785551207	0.643099018198	0.676125938843	0.678776634202	0.678607185529	0.619650789137	0.588867089034	0.0	0.615266586004	0.589561993694	0.617697860673	0.585856664384	0.525873109044	0.621378714243	0.573595992688	0.623884006604	0.640139254983	0.623827248952	0.585419239823	0.715384775045	0.60348875533	0.627969483325	0.693093615481	0.688959929289	0.708625046206	0.681719769752	0.676331566105	0.637059451512	0.676963114601	0.710973207033	0.733203922736	0.712133002825	0.679296998268	0.713322490561	0.739191016706	0.665133138059	0.708524355204	0.74343540202	0.677299904925	0.670338641379	0.724390169538	0.663301831266	0.677927578535	0.67761521349	0.706623379407	0.652307479296	0.666712092704	0.691129619699	0.676850684049	0.686141288802	0.64568079042	0.689942433884	0.654732383966
DC1	0.65510903024	0.669471396455	0.645176779588	0.620075976461	0.633642426242	0.619353822296	0.623799421759	0.605568200607	0.593542529159	0.61248557276	0.625035406204	0.596899177134	0.562680595957	0.607576779449	0.608426446237	0.634232499972	0.559878110685	0.615266586004	0.0	0.564349205621	0.612893276683	0.510977452938	0.546997122497	0.552989101615	0.56462610642	0.609084640439	0.619631546927	0.561404837523	0.599140580292	0.713247978449	0.555631456061	0.648389885903	0.641677955321	0.654197782526	0.622821428126	0.698554576075	0.596509930481	0.620152501525	0.668914228774	0.664703013803	0.76204918001	0.680400435149	0.703196726046	0.720613950188	0.776369695067	0.654928022126	0.673301963306	0.746035890118	0.644554760011	0.613631132543	0.664991884378	0.66059289718	0.682222789637	0.664472667717	0.675645520385	0.606694750414	0.632371734796	0.611807694017	0.572337333301	0.621630252699	0.645926093089	0.652354870247	0.582907377599
DD1	0.594984103544	0.625687038055	0.570125055773	0.575012884642	0.56014247907	0.569778739231	0.591000013519	0.550866742189	0.610981750154	0.637889780533	0.633622351498	0.632480497501	0.640396034225	0.638416247814	0.654834371509	0.616844337439	0.575494076782	0.589561993694	0.564349205621	0.0	0.509887358979	0.517596631172	0.553289665416	0.57578080531	0.605035323338	0.599317193227	0.637912915014	0.642995369873	0.640996977816	0.692672424155	0.635412215033	0.610233737566	0.649763350771	0.660205716241	0.632596923781	0.652835781277	0.612848946305	0.620265344802	0.64458552135	0.629803839322	0.714457094529	0.675618641582	0.684247087211	0.698909977854	0.730677499724	0.666645802528	0.659760030678	0.749719812088	0.708873373516	0.642111174052	0.720847045468	0.663763470119	0.718655078127	0.702996082799	0.742347053927	0.58534534866	0.590948494539	0.622535049395	0.619355724481	0.586398930701	0.588392216539	0.628899471225	0.599848609481
DE1	0.586410810578	0.586835372708	0.563173062065	0.574388414923	0.54655224196	0.541562827812	0.589312720195	0.574975318882	0.553082528854	0.668888989126	0.65079994411	0.679679969875	0.68364270687	0.689317175685	0.665340683511	0.550683498693	0.60645761216	0.617697860673	0.612893276683	0.509887358979	0.0	0.566744445933	0.564522653722	0.600954680894	0.624088586194	0.608737101266	0.636916738438	0.668590171481	0.654178607864	0.644242557046	0.658359803729	0.627291327517	0.65497342869	0.639373658483	0.697301122487	0.644909051469	0.649464725229	0.650126193891	0.663284418789	0.66862079254	0.694025376066	0.649091038649	0.698744474198	0.677713751216	0.697913464421	0.681619119431	0.678881468653	0.721309281129	0.746872547848	0.680222071517	0.712329683098	0.713903298118	0.722367370297	0.706295834432	0.786175671012	0.599172987452	0.617837201893	0.682498706697	0.65284187143	0.676165123425	0.621336401501	0.636745282539	0.634473890522
DF1	0.637307728119	0.651182063239	0.592708156783	0.602891054126	0.579530513937	0.601916644883	0.5873120222	0.612700606163	0.620404382588	0.651435621342	0.646981992334	0.601733525516	0.595514919997	0.614908271262	0.627907232924	0.632918904675	0.555669872822	0.585856664384	0.510977452938	0.517596631172	0.566744445933	0.0	0.527540447224	0.505944627621	0.595922877724	0.594689882084	0.662179288576	0.625564305411	0.608739539264	0.735450489891	0.571835139546	0.645010221473	0.661621147426	0.661250329989	0.659885970007	0.673853342322	0.643062615383	0.603178993485	0.658435891645	0.656671350371	0.753230343627	0.703083090563	0.689672532895	0.700435143351	0.761946974698	0.656745534841	0.677648999665	0.758287537463	0.674977561093	0.638373732494	0.710751632215	0.688499477816	0.735356653718	0.676460474076	0.712507424429	0.625973603696	0.608975625863	0.626020054227	0.597773428521	0.627006491119	0.641335592936	0.651489668334	0.594506501912
DG1	0.607972061743	0.644578179347	0.574364291799	0.585190807082	0.588132950609	0.559212159231	0.574988306419	0.600186476648	0.608895543183	0.634660991405	0.578082007985	0.609738949867	0.620460897864	0.648987030517	0.618007632186	0.627553570587	0.556842597449	0.525873109044	0.546997122497	0.553289665416	0.564522653722	0.527540447224	0.0	0.5411840826	0.569876228466	0.608969307546	0.632281355703	0.610848847586	0.586296947939	0.693786177972	0.597561682709	0.647101822531	0.655096149458	0.652138588359	0.656739296342	0.660523048948	0.645216903574	0.612109763362	0.637677489471	0.677563451339	0.698321588947	0.69357841844	0.657758877015	0.690565984725	0.740042369676	0.649148075477	0.664892902692	0.734320305891	0.656317581562	0.630631833484	0.696076075253	0.659728990656	0.678086763479	0.649782825474	0.698188091372	0.618512345659	0.629275019327	0.658090246882	0.632037403063	0.634845776413	0.610638541432	0.64890307736	0.609875393264
DH1	0.655575666098	0.639986696968	0.594760027025	0.61340111109	0.586467711542	0.594175135979	0.605986782561	0.609653007778	0.581955412118	0.596509747954	0.593096688742	0.535065416736	0.561118869292	0.572550867878	0.56362165794	0.617324430898	0.468828831207	0.621378714243	0.552989101615	0.57578080531	0.600954680894	0.505944627621	0.5411840826	0.0	0.543438711573	0.555784178153	0.622805026987	0.570618602527	0.564722773839	0.712912245807	0.526662760718	0.656671208617	0.652724411773	0.632895349064	0.643036859023	0.661498488029	0.635173819219	0.590252577675	0.638782273417	0.677660744645	0.728639967026	0.662118859693	0.63747591785	0.669330983428	0.728896139958	0.640216072067	0.6604710097	0.742134690893	0.612874442697	0.58746195051	0.6748978917	0.622829356939	0.667257417299	0.611251635256	0.644286156231	0.627645307449	0.634430663797	0.597091162335	0.559330502481	0.59019836347	0.619167516421	0.648902821317	0.594933627183
DA4	0.664123127759	0.655908721911	0.637060508993	0.621622455156	0.614865715942	0.616543435451	0.631011579216	0.608906504957	0.619415579276	0.655641900183	0.611175378088	0.566230252202	0.61608496212	0.62840618158	0.607808031863	0.641741958638	0.519491865847	0.573595992688	0.56462610642	0.605035323338	0.624088586194	0.595922877724	0.569876228466	0.543438711573	0.0	0.511192352133	0.589223061478	0.567686184422	0.547786725725	0.68434892206	0.531162117974	0.594428106498	0.680345743546	0.683556790151	0.647654459382	0.678137611685	0.62524324667	0.607633938219	0.668178503757	0.676115127586	0.704843457478	0.669896486566	0.644824005919	0.680209279078	0.740352294539	0.63071303026	0.653319225721	0.732120276774	0.635419135546	0.603998003161	0.710834211556	0.628742709685	0.667470449688	0.65275519191	0.679873635898	0.660703471393	0.685287355093	0.630840818219	0.617477314532	0.652827326398	0.644624912433	0.711555882976	0.626155902982
DB4	0.66401896465	0.679222788965	0.636832895669	0.626167252003	0.60766106704	0.605285112028	0.639762603223	0.625172907175	0.625461010352	0.64929474797	0.665457199862	0.588656598585	0.595002894289	0.60135430656	0.621804596942	0.652595873755	0.532465300825	0.623884006604	0.609084640439	0.599317193227	0.608737101266	0.594689882084	0.608969307546	0.555784178153	0.511192352133	0.0	0.571464742917	0.585532439833	0.546657992968	0.64986661279	0.537117572604	0.586903321662	0.679467253019	0.667028721224	0.676484139139	0.695531090707	0.650854911027	0.606807835128	0.659615132339	0.660689016436	0.716874953555	0.654505129364	0.655683112343	0.677187957593	0.747374764125	0.636423836704	0.631450998152	0.740019045684	0.650278841498	0.618774994745	0.702195606368	0.660340719444	0.681530623944	0.629944702146	0.66379950479	0.646393893594	0.685421536934	0.609877141513	0.602391531869	0.636160817813	0.674189999742	0.702915896309	0.618772380019
DC4	0.644884111841	0.619910014972	0.638118649814	0.610223483976	0.617494312578	0.609566869609	0.610914761372	0.601101732164	0.573710957719	0.683642223223	0.666251147437	0.640373910707	0.662018876246	0.701494504309	0.692622929602	0.618807940237	0.602944856302	0.640139254983	0.619631546927	0.637912915014	0.636916738438	0.662179288576	0.632281355703	0.622805026987	0.589223061478	0.571464742917	0.0	0.580163542404	0.596958343363	0.561745854225	0.596878524021	0.520480886504	0.685284263852	0.693492357079	0.690929436025	0.729742766609	0.665934074083	0.669897833467	0.724455271046	0.704420273189	0.753823556452	0.69742914692	0.701162816814	0.727709604231	0.772591723519	0.714077795573	0.719536500603	0.761677342435	0.684650903467	0.692635836738	0.688624649671	0.678869506267	0.660106129583	0.713796967345	0.716655016267	0.599031674198	0.641582538227	0.6785874751	0.643022196377	0.699006064778	0.676029227068	0.676403662808	0.660216732842
DD4	0.67010213343	0.671972826293	0.641619544306	0.627638266793	0.65038569362	0.654648575883	0.641823825605	0.624527742116	0.586906521302	0.637761904729	0.619087464805	0.574303130664	0.600524058834	0.634424504494	0.638880319103	0.647731062294	0.557019983182	0.623827248952	0.561404837523	0.642995369873	0.668590171481	0.625564305411	0.610848847586	0.570618602527	0.567686184422	0.585532439833	0.580163542404	0.0	0.503586093945	0.717706253225	0.513502556824	0.637159687601	0.645875737951	0.656389271759	0.648965147229	0.707064934458	0.612256013897	0.603845532481	0.66180420943	0.704548793175	0.731934841794	0.659006329847	0.674466023016	0.670757411557	0.735990565617	0.662537572724	0.64954632351	0.700763137658	0.595380658274	0.590003160607	0.651670422925	0.621656871079	0.630637769229	0.642051455906	0.623408585776	0.638525284505	0.673669611815	0.63036787355	0.568750203897	0.645958201333	0.661080463224	0.696133530043	0.647108822484
DE4	0.661095403723	0.641971949282	0.638467553965	0.627346791926	0.626923791479	0.603869681303	0.604922058871	0.611840219039	0.619070636595	0.634551404343	0.614023505409	0.573849130229	0.611955768021	0.61014944427	0.605071709226	0.650648167775	0.527294785627	0.585419239823	0.599140580292	0.640996977816	0.654178607864	0.608739539264	0.586296947939	0.564722773839	0.547786725725	0.546657992968	0.596958343363	0.503586093945	0.0	0.68468633417	0.508799739338	0.622108302757	0.680070312179	0.680256796309	0.675915657103	0.691925125856	0.653048463361	0.599299350984	0.682191095422	0.712496090168	0.719553826432	0.664479367408	0.634850403719	0.677926790933	0.733040370845	0.619046868518	0.668412809665	0.735319058925	0.6207521755	0.622802831392	0.688317997616	0.634004585241	0.66559727764	0.622559046707	0.645345750237	0.636591147057	0.668739764432	0.602044103498	0.60635406107	0.629602836592	0.650259996045	0.658915083577	0.609120913533
DF4	0.676619865255	0.661252000137	0.700455093013	0.701184475997	0.674760462028	0.671800843349	0.674640507326	0.66806003518	0.674226562302	0.766357115758	0.722480218063	0.75895042508	0.76995883963	0.764695342344	0.768127139251	0.665161263409	0.708759528956	0.715384775045	0.713247978449	0.692672424155	0.644242557046	0.735450489891	0.693786177972	0.712912245807	0.68434892206	0.64986661279	0.561745854225	0.717706253225	0.68468633417	0.0	0.696011780724	0.538956972424	0.744030799212	0.739857759057	0.784460953697	0.736521527947	0.727990843967	0.744516932635	0.736192276659	0.751971663589	0.713034880364	0.730478887567	0.715632504655	0.738196851607	0.758775755448	0.735457327465	0.759004879798	0.773693131889	0.771745074772	0.764215829986	0.716249227235	0.731756433943	0.726377242278	0.767165331336	0.798485963501	0.681772990659	0.699734346274	0.762476832176	0.725633625898	0.770405784339	0.73830095055	0.733270804766	0.727554729912
DG4	0.652227526696	0.650276823966	0.611560367129	0.611456612425	0.612216453824	0.600637275573	0.596437128832	0.611985231556	0.600383898059	0.641118053728	0.586206786036	0.562126703585	0.596509661913	0.596706971445	0.600273579334	0.63651888484	0.485825171603	0.60348875533	0.555631456061	0.635412215033	0.658359803729	0.571835139546	0.597561682709	0.526662760718	0.531162117974	0.537117572604	0.596878524021	0.513502556824	0.508799739338	0.696011780724	0.0	0.583187804067	0.674176248203	0.675692894977	0.648930418679	0.695291196546	0.63357514706	0.594409362987	0.659534495444	0.691255621501	0.742091573489	0.683935626189	0.662604591036	0.676554105731	0.770348510227	0.641609497799	0.638134070912	0.730964053193	0.612866843168	0.585276077758	0.680015969929	0.619088369393	0.652912429448	0.608125146223	0.638294658564	0.628101595963	0.668862553801	0.599858486954	0.587469743123	0.61199128651	0.666172277501	0.672874696602	0.617809217883
DH4	0.644755052256	0.663962169114	0.634512671908	0.624074233303	0.607489542388	0.612761296679	0.633312511783	0.635267520864	0.594737065767	0.733986932202	0.7001940071	0.67179595488	0.693595961148	0.697595076157	0.716974968943	0.637246222376	0.631771033065	0.627969483325	0.648389885903	0.610233737566	0.627291327517	0.645010221473	0.647101822531	0.656671208617	0.594428106498	0.586903321662	0.520480886504	0.637159687601	0.622108302757	0.538956972424	0.583187804067	0.0	0.701689470529	0.695885354167	0.693756034439	0.711175613571	0.668145773817	0.669703712524	0.690848670467	0.686120145937	0.710646985371	0.697821163942	0.687873260773	0.704327604419	0.766137306461	0.68104858667	0.718364148455	0.75353309461	0.706059199994	0.702845838988	0.67987202197	0.675468555706	0.707452231983	0.725321960293	0.731767941802	0.609928233158	0.673927500772	0.672048511939	0.663526845194	0.688010965667	0.675497908723	0.677750455476	0.67972700466
DA6	0.68483480175	0.670024108366	0.627034125681	0.654134112529	0.65683185381	0.651006312368	0.668228349852	0.686943331755	0.657160955146	0.694207766322	0.730881597211	0.678318318318	0.687743315415	0.726785371655	0.732022251568	0.667327603615	0.656419257121	0.693093615481	0.641677955321	0.649763350771	0.65497342869	0.661621147426	0.655096149458	0.652724411773	0.680345743546	0.679467253019	0.685284263852	0.645875737951	0.680070312179	0.744030799212	0.674176248203	0.701689470529	0.0	0.545579739636	0.562250196961	0.51776775048	0.544883733326	0.543876052725	0.557984197104	0.55434485028	0.614045218626	0.575324496714	0.635833920384	0.649681549927	0.656865378028	0.629714447418	0.640989099524	0.634247185922	0.685090178718	0.648847647414	0.619974106268	0.624989000898	0.638195109834	0.700980490757	0.702530795181	0.674977492151	0.670527346309	0.710059007544	0.705083793576	0.705909739868	0.665035642619	0.640367587473	0.695038939351
DB6	0.683009496439	0.673008736447	0.639229026985	0.61495776669	0.672560360081	0.655426362646	0.668603623193	0.685702194056	0.647250429047	0.695927491175	0.694006886295	0.674753879871	0.665657366843	0.722630462718	0.698170320348	0.682034588233	0.657775967257	0.688959929289	0.654197782526	0.660205716241	0.639373658483	0.661250329989	0.652138588359	0.632895349064	0.683556790151	0.667028721224	0.693492357079	0.656389271759	0.680256796309	0.739857759057	0.675692894977	0.695885354167	0.545579739636	0.0	0.590291177744	0.565500147628	0.566395202191	0.535681830916	0.561180075057	0.612756597864	0.670005575545	0.556436588851	0.6417891654	0.622786775737	0.674458384454	0.619623376834	0.652232838569	0.664415204518	0.678708144136	0.636160366266	0.643157205541	0.650261803325	0.668721405932	0.689586726427	0.694129912125	0.617282638253	0.628951059487	0.691417230968	0.685827476678	0.668466816874	0.653150817683	0.611863093865	0.645182816213
DC6	0.681408885003	0.676019434848	0.644920239902	0.652078535091	0.675979373671	0.670230590959	0.678843479375	0.674339788291	0.649787483381	0.646426960564	0.665726726712	0.635168322308	0.649452566778	0.681435379103	0.677435411168	0.706712138795	0.611431961519	0.708625046206	0.622821428126	0.632596923781	0.697301122487	0.659885970007	0.656739296342	0.643036859023	0.647654459382	0.676484139139	0.690929436025	0.648965147229	0.675915657103	0.784460953697	0.648930418679	0.693756034439	0.562250196961	0.590291177744	0.0	0.561956247904	0.567247508892	0.574132721139	0.577029456786	0.590997879381	0.702226652744	0.648001323585	0.631365256065	0.6750323433	0.73982794953	0.645614900349	0.667867463764	0.724722881326	0.663315008468	0.638721897646	0.673513846152	0.615893633102	0.671516153168	0.693106011756	0.683215194522	0.647585975819	0.656651319657	0.673367608857	0.667638441032	0.651312087163	0.650451932144	0.677419419148	0.655976169821
DD6	0.649801384674	0.689856466808	0.630440016882	0.681518397743	0.685604519464	0.675346294889	0.664572378083	0.67719025769	0.682422116946	0.730574753738	0.713629784775	0.713509406241	0.732900736794	0.765244263921	0.739877044199	0.687375054667	0.663050612339	0.681719769752	0.698554576075	0.652835781277	0.644909051469	0.673853342322	0.660523048948	0.661498488029	0.678137611685	0.695531090707	0.729742766609	0.707064934458	0.691925125856	0.736521527947	0.695291196546	0.711175613571	0.51776775048	0.565500147628	0.561956247904	0.0	0.521327954866	0.55275130202	0.528784135417	0.566730008601	0.606796171037	0.587623566313	0.611513382709	0.621204295174	0.662101175203	0.605053126828	0.642105916538	0.664649431842	0.69132917641	0.656300060987	0.66813843128	0.607960034208	0.647522521328	0.719246494857	0.72042904893	0.666735320735	0.67870424833	0.727019082663	0.721122029699	0.709320820754	0.671922011377	0.661140250867	0.700146318654
DE6	0.668341872402	0.67745842276	0.625170592307	0.621524720216	0.650879185085	0.617035888993	0.640373026127	0.676969767346	0.659137666828	0.680532508236	0.682074188712	0.686785565354	0.663809036119	0.714945279297	0.684309477656	0.682868500184	0.627149928416	0.676331566105	0.596509930481	0.612848946305	0.649464725229	0.643062615383	0.645216903574	0.635173819219	0.62524324667	0.650854911027	0.665934074083	0.612256013897	0.653048463361	0.727990843967	0.63357514706	0.668145773817	0.544883733326	0.566395202191	0.567247508892	0.521327954866	0.0	0.546693447907	0.585745652299	0.615425804907	0.651867546737	0.585340843559	0.633421235592	0.613089135606	0.700317138796	0.609886130526	0.638917954993	0.665446263345	0.667085557868	0.605938382773	0.655425528601	0.628741918898	0.640630728821	0.699885149928	0.695266242437	0.625278260554	0.639443057065	0.676271074466	0.669092688335	0.666624138059	0.637186987246	0.645871655763	0.652557752392
DF6	0.68341586772	0.679643674439	0.632956793191	0.63416523721	0.672790457133	0.624457734391	0.631665957987	0.647747812402	0.646778388707	0.671621271039	0.660426957578	0.619235907711	0.620269763478	0.64699767886	0.63977583003	0.679188930411	0.602275657163	0.637059451512	0.620152501525	0.620265344802	0.650126193891	0.603178993485	0.612109763362	0.590252577675	0.607633938219	0.606807835128	0.669897833467	0.603845532481	0.599299350984	0.744516932635	0.594409362987	0.669703712524	0.543876052725	0.535681830916	0.574132721139	0.55275130202	0.546693447907	0.0	0.549276364308	0.570741262984	0.662284278433	0.619029568588	0.628969103293	0.642828930359	0.705794841404	0.607901792513	0.631949554229	0.678118038464	0.601524080176	0.593260116457	0.668603343528	0.595487048236	0.680317930731	0.632901952822	0.661595748532	0.647641821286	0.65439295118	0.62488037325	0.620291652488	0.633429750174	0.643018686265	0.661490279918	0.615652870586
DG6	0.687927464076	0.690905446022	0.642170024525	0.668735566099	0.658307531108	0.663310352835	0.669148143549	0.686693259813	0.698732943349	0.709295751547	0.699520612301	0.691589542088	0.709969604947	0.720209917433	0.711065194536	0.700035263082	0.66047058633	0.676963114601	0.668914228774	0.64458552135	0.663284418789	0.658435891645	0.637677489471	0.638782273417	0.668178503757	0.659615132339	0.724455271046	0.66180420943	0.682191095422	0.736192276659	0.659534495444	0.690848670467	0.557984197104	0.561180075057	0.577029456786	0.528784135417	0.585745652299	0.549276364308	0.0	0.580048470159	0.577587940522	0.610206521119	0.598413784946	0.619839184334	0.660573100453	0.581331677678	0.598972804946	0.658704020504	0.662005441788	0.629727217873	0.650602350506	0.594816382453	0.629693059081	0.661836353798	0.696736241835	0.664636520185	0.682372052574	0.684280102063	0.690308546741	0.690207440403	0.659597552831	0.679623208425	0.665015790571
DH6	0.690638298023	0.722651381993	0.678477630224	0.696515070347	0.677266572771	0.68607553489	0.684685901158	0.681945661227	0.702139783519	0.731649785509	0.705518567581	0.684708791629	0.711392987353	0.711295808902	0.717236638256	0.697507457686	0.679957630505	0.710973207033	0.664703013803	0.629803839322	0.66862079254	0.656671350371	0.677563451339	0.677660744645	0.676115127586	0.660689016436	0.704420273189	0.704548793175	0.712496090168	0.751971663589	0.691255621501	0.686120145937	0.55434485028	0.612756597864	0.590997879381	0.566730008601	0.615425804907	0.570741262984	0.580048470159	0.0	0.689561328121	0.652598662297	0.670698702713	0.673967829651	0.737981183329	0.672725051889	0.676415706944	0.715712198197	0.689163817338	0.624018617871	0.659443148636	0.62681942604	0.697461942613	0.71350143113	0.713771033629	0.706052450523	0.686686323814	0.699913421466	0.699705236993	0.697856644762	0.684420707585	0.693772192102	0.683149184111
DA7	0.752370102622	0.730665934902	0.698017526129	0.719755931262	0.711705973758	0.709953658124	0.742415249333	0.767376625618	0.740205750615	0.792690112346	0.775787189765	0.771613571132	0.797338526214	0.803081769497	0.792155629851	0.747439393039	0.74081413946	0.733203922736	0.76204918001	0.714457094529	0.694025376066	0.753230343627	0.698321588947	0.728639967026	0.704843457478	0.716874953555	0.753823556452	0.731934841794	0.719553826432	0.713034880364	0.742091573489	0.710646985371	0.614045218626	0.670005575545	0.702226652744	0.606796171037	0.651867546737	0.662284278433	0.577587940522	0.689561328121	0.0	0.532790066655	0.511122959491	0.541539586685	0.541424248882	0.544331938992	0.589845828516	0.535401176719	0.713122542709	0.717008653006	0.659248341716	0.663556026532	0.664540123867	0.721934519863	0.761586818038	0.715609238215	0.714813138029	0.765998252709	0.75399756059	0.777345249617	0.683147113648	0.708750577835	0.731945063843
DB7	0.717729742619	0.683717990028	0.659266813541	0.639959267943	0.659948977914	0.656450392758	0.704775320221	0.725366081757	0.670939630608	0.729841791603	0.746944247531	0.715156809948	0.710290616202	0.756631582555	0.756363545354	0.703429872548	0.690126967033	0.712133002825	0.680400435149	0.675618641582	0.649091038649	0.703083090563	0.69357841844	0.662118859693	0.669896486566	0.654505129364	0.69742914692	0.659006329847	0.664479367408	0.730478887567	0.683935626189	0.697821163942	0.575324496714	0.556436588851	0.648001323585	0.587623566313	0.585340843559	0.619029568588	0.610206521119	0.652598662297	0.532790066655	0.0	0.580279495158	0.505025035089	0.573365798839	0.569884963665	0.537063035575	0.532001959387	0.661621495045	0.660641272586	0.622932105939	0.621223002796	0.613117295368	0.709256656737	0.708690757184	0.645164101494	0.665142449884	0.689527646877	0.697791326325	0.716460005698	0.67275779071	0.640480043208	0.678429222286
