	DA5	DB5	DC5	DD5	DE5	DF5	DG5	DH5	DA2	DB2	DC2	DD2	DE2	DF2	DG2	DH2	DA1	DB1	DC1	DD1	DE1	DF1	DG1	DH1	DA4	DB4	DC4	DD4	DE4	DF4	DG4	DH4	DA6	DB6	DC6	DD6	DE6	DF6	DG6	DH6	DA7	DB7	DC7	DD7	DE7	DF7	DG7	DH7	DA8	DB8	DC8	DD8	DF8	DG8	DH8	DA3	DB3	DC3	DD3	DE3	DF3	DG3	DH3
DA5	0.0	0.555999798807	0.559314128153	0.488809577696	0.514342048767	0.549479421083	0.55733385452	0.477573265983	0.588799223507	0.617428117695	0.631415878858	0.631765871283	0.634663730542	0.658503002301	0.658654571035	0.589998222433	0.664558564385	0.587219428298	0.634723932261	0.555589480849	0.592489506337	0.587007459624	0.620777034341	0.643179260648	0.615806460486	0.636475096262	0.620472815097	0.614379578868	0.618907203449	0.651268498199	0.610144684189	0.681641257413	0.688756124552	0.66713789312	0.658594619416	0.675786300651	0.604399528339	0.614294077761	0.658243611497	0.686000355207	0.730783204183	0.730039702277	0.689661338362	0.732851223449	0.764635098483	0.724116845756	0.724001618475	0.739378254597	0.726769272821	0.70519098217	0.794894172723	0.683410474973	0.70500496322	0.729827926452	0.761154231639	0.588330188044	0.612667211299	0.631049775205	0.666438822184	0.637007964345	0.613211988282	0.580384081523	0.623571242437
DB5	0.555999798807	0.0	0.580691378725	0.532080003789	0.584655363709	0.616696060263	0.532296327411	0.590173515873	0.621495688552	0.705293963113	0.69887925989	0.694432742105	0.713266246818	0.745972645338	0.708416582772	0.611608965331	0.703647425076	0.658386275208	0.703486098656	0.638842507956	0.629347397447	0.647837818982	0.667324850751	0.69385302425	0.652559549869	0.685917777772	0.662917986011	0.666154503787	0.666166552267	0.679058127544	0.623054666801	0.687129646102	0.680149323702	0.709145485369	0.709358411878	0.708977137184	0.673329719923	0.706157124994	0.741961907372	0.749099340963	0.713675895918	0.695051628219	0.70495245633	0.685452689162	0.741427252498	0.737718123674	0.740885872901	0.694332733088	0.77851616729	0.748745690878	0.777434354376	0.72258676214	0.740460880832	0.780256073275	0.809048691957	0.651864371147	0.660990063158	0.709322184688	0.729634032203	0.731996156573	0.677369975281	0.608985308096	0.676827853828
DC5	0.559314128153	0.580691378725	0.0	0.516776268097	0.503916725483	0.502596575711	0.533270275328	0.542696828516	0.587709043594	0.639015330535	0.622308753989	0.601314053532	0.629340625361	0.681202140806	0.646817099264	0.5941745112	0.621886285976	0.624584728913	0.638455266269	0.582302267779	0.590326157206	0.567039465272	0.620435992628	0.60074491309	0.626856865235	0.658394569263	0.640457467187	0.626057948768	0.626665531201	0.674039496926	0.631341208334	0.669861260608	0.639096016521	0.630209817864	0.667757668911	0.650750040651	0.666943559189	0.602605839949	0.679881281772	0.657168665207	0.705763448391	0.725619267665	0.693234173371	0.695428691381	0.719579721709	0.66095513026	0.690359205592	0.720792298747	0.696150875709	0.704854890332	0.727232996778	0.686791029675	0.707426578533	0.733953606466	0.73427817164	0.623773574346	0.641626557349	0.659913184468	0.669183234464	0.626904587557	0.618112325437	0.618438732758	0.612787348373
DD5	0.488809577696	0.532080003789	0.516776268097	0.0	0.49928264881	0.534877310727	0.534788285768	0.514392016693	0.598928181243	0.639054993401	0.65105334109	0.644300524056	0.649314383491	0.692067393925	0.659966911208	0.565453391451	0.677092901158	0.614883721094	0.646231033409	0.57701882121	0.584084891597	0.591906140963	0.638243679677	0.632155910671	0.626659510729	0.651495668817	0.66173667983	0.609556762051	0.608371735406	0.672762087957	0.600744902564	0.679657898674	0.62919865572	0.685874960851	0.655944356753	0.635497471948	0.586432698247	0.620063049122	0.649244570626	0.671457782502	0.708289700414	0.696733203207	0.678300627779	0.687164156755	0.734949679572	0.695674632015	0.707988253817	0.684975412037	0.717799320519	0.688421120093	0.749774941266	0.68673801208	0.670697091661	0.743317700794	0.750554915982	0.607389204393	0.600494859754	0.664711602524	0.69227536889	0.64760582526	0.631526156684	0.561454607201	0.638487514372
DE5	0.514342048767	0.584655363709	0.503916725483	0.49928264881	0.0	0.536234500249	0.565645116355	0.532832827922	0.621255854208	0.621346921916	0.617432312322	0.621216222972	0.645872810429	0.65527019345	0.647118386151	0.587305145488	0.672017941512	0.610292348624	0.64679879803	0.556505986307	0.594565101709	0.580527972574	0.629048608465	0.641791482653	0.632018596405	0.646565409504	0.658153637251	0.648519386579	0.627399931395	0.687568035576	0.633600348632	0.676155029544	0.682524030567	0.655364297401	0.669784374327	0.679039611196	0.638573332988	0.656174363818	0.640030813471	0.673120125056	0.685576647904	0.718101489668	0.694436738332	0.716673858835	0.718218952426	0.704017746159	0.713902982955	0.727050403619	0.705242485582	0.707427198118	0.762081042785	0.698800917163	0.710829832258	0.735543769545	0.753500192204	0.639139526734	0.636632331189	0.68630173471	0.668203334601	0.623361522915	0.604041110292	0.609694348739	0.62813350514
DF5	0.549479421083	0.616696060263	0.502596575711	0.534877310727	0.536234500249	0.0	0.593437872845	0.563797045914	0.583372102495	0.603421039615	0.639997643385	0.613379577008	0.630383971163	0.654271395841	0.634573248178	0.58834796458	0.630042189686	0.637053804309	0.616206055019	0.595938901032	0.606657058899	0.57765352067	0.626597208985	0.607266815971	0.604665279452	0.628113647452	0.646981594467	0.620978196128	0.600080175147	0.648851853086	0.6276945773	0.671891941935	0.632514175426	0.687380205351	0.66183017962	0.665431511236	0.670708126916	0.606249843374	0.692204894483	0.664283330316	0.71087229473	0.723976999337	0.700820403215	0.70174261108	0.733164908952	0.666922812109	0.680149377779	0.727312269579	0.690869094046	0.662300257441	0.737401767251	0.701329138266	0.697577740534	0.713436262049	0.736392459811	0.625789237573	0.650646459544	0.619941739982	0.645059568499	0.606974706332	0.628484289983	0.616405427554	0.57965353458
DG5	0.55733385452	0.532296327411	0.533270275328	0.534788285768	0.565645116355	0.593437872845	0.0	0.563857137608	0.622446174818	0.656448847349	0.637201864047	0.663083022378	0.672334878126	0.686689368196	0.651514247458	0.592771587659	0.682255361776	0.649334266832	0.66359110068	0.633989605312	0.636439519762	0.623987401229	0.650909467908	0.653546961366	0.642516838657	0.66196734211	0.642149390922	0.643783234612	0.656165638301	0.680394812847	0.642249959124	0.696119752664	0.69517127494	0.690698824351	0.700024980198	0.716667696605	0.666620627188	0.648366299985	0.720478733509	0.694339778185	0.726096448651	0.752804111878	0.737059936061	0.737380541984	0.753927858545	0.734902930812	0.738754812868	0.746174481492	0.749716119454	0.732569752646	0.736031963038	0.707040426532	0.716353539216	0.761761857473	0.75230614576	0.656858378684	0.657799208736	0.707705632117	0.707390742107	0.669568399604	0.636744803434	0.618475285973	0.667862013329
DH5	0.477573265983	0.590173515873	0.542696828516	0.514392016693	0.532832827922	0.563797045914	0.563857137608	0.0	0.602587584745	0.630986640327	0.606695266905	0.624283973657	0.652221304473	0.666208636023	0.653859155028	0.607946301078	0.649235877767	0.627298704434	0.650343257605	0.55300407574	0.594125175258	0.582646964346	0.634715100892	0.616866980324	0.641553081705	0.65319728692	0.638350646158	0.64090480827	0.663108490142	0.674041912708	0.630649985749	0.656403486779	0.708063413675	0.686315615588	0.708187610088	0.702009305504	0.672485705312	0.627788138843	0.724563651229	0.707272977723	0.730790587955	0.769075768263	0.717980367254	0.756230864624	0.778449365219	0.722655315206	0.737504315055	0.780847533287	0.730491456109	0.726160379729	0.785537378536	0.736214998935	0.752737189306	0.719391419674	0.749759988467	0.582244637003	0.664144841763	0.654963594586	0.660717162231	0.633167707632	0.623133762937	0.621891660236	0.614315937952
DA2	0.588799223507	0.621495688552	0.587709043594	0.598928181243	0.621255854208	0.583372102495	0.622446174818	0.602587584745	0.0	0.605819044746	0.577496305171	0.598223205061	0.618895616481	0.632369852729	0.599214195443	0.502052716405	0.598953185942	0.609405063585	0.628367047095	0.648475824583	0.630688715778	0.576680231393	0.602650640602	0.590474389838	0.567724003116	0.601135491267	0.567477651584	0.564291900002	0.586170415217	0.635631205638	0.601900857202	0.666132517613	0.642273987629	0.689058434958	0.656380851096	0.670779489226	0.660213531005	0.652654425751	0.73491219276	0.701945572531	0.730745386428	0.712054652033	0.679666859	0.681897765864	0.769292461436	0.688035622887	0.694510660709	0.73873404059	0.696390860687	0.657539767521	0.712245623588	0.654065030549	0.671055208959	0.690886676284	0.697440848813	0.594477222377	0.621983333645	0.596579327323	0.610106852737	0.584036047089	0.596416245213	0.607433148098	0.586984346814
DB2	0.617428117695	0.705293963113	0.639015330535	0.639054993401	0.621346921916	0.603421039615	0.656448847349	0.630986640327	0.605819044746	0.0	0.531313553129	0.541888407526	0.561419756903	0.576400737421	0.480719601526	0.601674926793	0.613111530049	0.648341157988	0.602425420333	0.632611776473	0.670173650798	0.633392033088	0.639104635376	0.591267638038	0.615711338951	0.630713922958	0.647798074092	0.605737370359	0.616539449179	0.72742900711	0.632615689611	0.716730045503	0.712434234556	0.711562631216	0.690463932355	0.729881582866	0.686096908398	0.668887048777	0.686741355	0.670412791421	0.77630787273	0.793564185163	0.739582235875	0.75041469076	0.787412439595	0.711649514262	0.714462624098	0.781856314216	0.663788276446	0.700245204214	0.721975528597	0.653974286123	0.709346113739	0.665151233926	0.699207592378	0.643509359749	0.680684868641	0.615602451035	0.57934946009	0.587342751613	0.581247466741	0.632737974547	0.597059392681
DC2	0.631415878858	0.69887925989	0.622308753989	0.65105334109	0.617432312322	0.639997643385	0.637201864047	0.606695266905	0.577496305171	0.531313553129	0.0	0.520649708849	0.561305479286	0.538065175911	0.520683571891	0.640835438801	0.605999011169	0.663057984192	0.631149176026	0.661256501941	0.714779702698	0.643735434706	0.651534876181	0.586437880802	0.614110416608	0.646044804443	0.628299134507	0.581467108123	0.599292172884	0.703731922799	0.629670919113	0.686347481812	0.7370003059	0.74365503084	0.699739578086	0.752421996758	0.72094583033	0.698285047331	0.710467610172	0.696806212602	0.766107259253	0.797260043403	0.711931906417	0.744442764138	0.783359525388	0.7095904719	0.719144487311	0.802152215989	0.669782336692	0.696054700082	0.692902053826	0.65633963642	0.672115849035	0.648178684947	0.673951095712	0.643744408035	0.699594560624	0.618033601372	0.586432436334	0.584179587123	0.619611265581	0.642205069447	0.600633573564
DD2	0.631765871283	0.694432742105	0.601314053532	0.644300524056	0.621216222972	0.613379577008	0.663083022378	0.624283973657	0.598223205061	0.541888407526	0.520649708849	0.0	0.487155059231	0.517479831481	0.504526102914	0.630855948728	0.581916586105	0.641343807658	0.58388833906	0.655569323726	0.695453141427	0.606824077972	0.638105358474	0.571958642376	0.5885117068	0.608381571701	0.643876640806	0.597718992764	0.580383759905	0.714178496527	0.612963043516	0.694337523184	0.685939107749	0.731549706814	0.662883156568	0.721018748898	0.710965755559	0.673880984227	0.721539050601	0.700959995272	0.750744826344	0.780193700903	0.674899217877	0.738425550335	0.791196685639	0.689666181849	0.713682570528	0.781171529297	0.628929062307	0.708469663053	0.711230465911	0.659650483698	0.693701620741	0.62625656375	0.652823626843	0.677210909471	0.710940831428	0.59066275294	0.576943610008	0.562176814768	0.634526087026	0.674276327832	0.580595111386
DE2	0.634663730542	0.713266246818	0.629340625361	0.649314383491	0.645872810429	0.630383971163	0.672334878126	0.652221304473	0.618895616481	0.561419756903	0.561305479286	0.487155059231	0.0	0.537907273226	0.515869861973	0.657000309675	0.597146437516	0.632888261115	0.568026004915	0.642355935891	0.684006356944	0.596645382601	0.641417822283	0.548330031809	0.577376642002	0.60950339011	0.659746589243	0.59673884091	0.570365497563	0.73118434248	0.602998291032	0.725988830941	0.687967128518	0.724095061845	0.639628530487	0.701399829506	0.693565510301	0.644454590895	0.70549339242	0.677832497889	0.767393391017	0.771044263877	0.704423903096	0.722659267889	0.798390854129	0.70259571678	0.719891515224	0.78598433272	0.631347366472	0.685147750709	0.736287928082	0.65412092595	0.701442077615	0.641846849676	0.660837970304	0.65255759571	0.705239338626	0.551878281023	0.572508650093	0.567872486071	0.639742939804	0.658144822966	0.581980152849
DF2	0.658503002301	0.745972645338	0.681202140806	0.692067393925	0.65527019345	0.654271395841	0.686689368196	0.666208636023	0.632369852729	0.576400737421	0.538065175911	0.517479831481	0.537907273226	0.0	0.560599563543	0.686322416946	0.619026751682	0.642366307051	0.60520264102	0.695751762237	0.723769593137	0.631794144847	0.660393133775	0.570074108232	0.596280998796	0.619520066341	0.661999812067	0.585703006509	0.592018353356	0.721153167632	0.644386055068	0.73471473575	0.699202769392	0.734923163128	0.670876627123	0.73855664885	0.69614708524	0.675939692778	0.720376239232	0.699303439674	0.770826439187	0.783467700917	0.7204714018	0.756761153202	0.806760739352	0.719683529172	0.717925440407	0.786111295451	0.652180189717	0.690610423905	0.723814070582	0.654030664406	0.69441059197	0.647955972467	0.66786013755	0.685166947769	0.720463916407	0.609681568014	0.616702639204	0.568771468014	0.654551023489	0.702331457513	0.600986683646
DG2	0.658654571035	0.708416582772	0.646817099264	0.659966911208	0.647118386151	0.634573248178	0.651514247458	0.653859155028	0.599214195443	0.480719601526	0.520683571891	0.504526102914	0.515869861973	0.560599563543	0.0	0.634962625189	0.604444692418	0.663385672971	0.592329317304	0.664871033968	0.696608964421	0.641853154774	0.661492256835	0.59565007296	0.60890431882	0.646539803581	0.655815384635	0.601147566958	0.616009389204	0.733607322542	0.632498916331	0.711428575068	0.711773898931	0.724102380219	0.655423377502	0.707362155735	0.719112163063	0.685315965201	0.706967607305	0.696952451735	0.775434360628	0.790242849296	0.722067550694	0.729708245156	0.784158410064	0.698634833863	0.726442747687	0.790200659422	0.640383236707	0.692648676503	0.68507354426	0.655763363496	0.69342766608	0.633436728176	0.665678717007	0.677203266111	0.715878947076	0.592646443544	0.588310146713	0.60676032494	0.64585543124	0.683138071226	0.616872600673
DH2	0.589998222433	0.611608965331	0.5941745112	0.565453391451	0.587305145488	0.58834796458	0.592771587659	0.607946301078	0.502052716405	0.601674926793	0.640835438801	0.630855948728	0.657000309675	0.686322416946	0.634962625189	0.0	0.626795977191	0.621408260355	0.617842460075	0.585109690212	0.588477274684	0.581839240925	0.611942215599	0.609334763584	0.609577887634	0.623903549476	0.611709873241	0.624466617551	0.647743950437	0.648488033967	0.615606568823	0.658892103174	0.655297365154	0.666062927885	0.699491408817	0.69521645586	0.67419456931	0.659550114699	0.680015185113	0.675064902661	0.707027439545	0.725431634281	0.713055534227	0.696597219059	0.720522501019	0.704009762377	0.700241291359	0.706531013722	0.708636649963	0.686603660774	0.719121600005	0.684082126437	0.680471569105	0.7153139588	0.730768093327	0.654074152316	0.670039793752	0.680426401125	0.659611800017	0.656242917373	0.596751112332	0.621166721136	0.627324939253
DA1	0.664558564385	0.703647425076	0.621886285976	0.677092901158	0.672017941512	0.630042189686	0.682255361776	0.649235877767	0.598953185942	0.613111530049	0.605999011169	0.581916586105	0.597146437516	0.619026751682	0.604444692418	0.626795977191	0.0	0.593222878664	0.547664433889	0.583928702191	0.639542289339	0.547267617996	0.580188179291	0.469078814715	0.547489835183	0.538624944379	0.599765790161	0.586338117215	0.570069136344	0.643048272267	0.579739064356	0.650275247807	0.670350777463	0.671176656191	0.643590589553	0.698337281606	0.694624223443	0.61299778884	0.712768539158	0.664216402968	0.73576004401	0.748337402285	0.675370408958	0.703797668287	0.756952261926	0.661011462344	0.665123353868	0.751087409778	0.627764416518	0.665580403099	0.676592549682	0.639930333296	0.666396558622	0.626032323614	0.639964021077	0.620102475226	0.692543971595	0.595861009812	0.574182915799	0.61578940671	0.611916782147	0.640068137811	0.587093147487
DB1	0.587219428298	0.658386275208	0.624584728913	0.614883721094	0.610292348624	0.637053804309	0.649334266832	0.627298704434	0.609405063585	0.648341157988	0.663057984192	0.641343807658	0.632888261115	0.642366307051	0.663385672971	0.621408260355	0.593222878664	0.0	0.61544352555	0.544970603789	0.606741707626	0.592209151452	0.552822459081	0.577481407036	0.578994342923	0.612012073279	0.626975016191	0.601042723963	0.589622107894	0.65282522478	0.619435743452	0.671888171523	0.654436521639	0.698736959247	0.641185571003	0.65895206239	0.661728359439	0.667668199516	0.678422862087	0.65879889994	0.70377692578	0.705914972003	0.650688804527	0.697080193272	0.740077413736	0.654683579479	0.690968489827	0.698813501595	0.654427686772	0.636328093236	0.700717452767	0.610646586296	0.629661379354	0.683521390752	0.721253300843	0.646001785451	0.640563143061	0.675641617388	0.674950926091	0.673978978418	0.638146221766	0.636220249008	0.636091592479
DC1	0.634723932261	0.703486098656	0.638455266269	0.646231033409	0.64679879803	0.616206055019	0.66359110068	0.650343257605	0.628367047095	0.602425420333	0.631149176026	0.58388833906	0.568026004915	0.60520264102	0.592329317304	0.617842460075	0.547664433889	0.61544352555	0.0	0.593457204481	0.625983010402	0.468600320679	0.540775858625	0.525969119754	0.558247023997	0.558359089314	0.639648845905	0.589279835317	0.58212042204	0.662716674256	0.612642328351	0.673777276898	0.676282206955	0.669447841188	0.653161984826	0.684677288332	0.665694720327	0.598160871706	0.684496866477	0.670055225233	0.740608725825	0.74953133747	0.708060300308	0.740542644363	0.77731810967	0.663862173164	0.69628011055	0.754035368321	0.651499872452	0.673154701845	0.7206256676	0.662637045076	0.682416959022	0.621287115752	0.646633812709	0.638472831639	0.696642910503	0.591962248253	0.589770908567	0.60293172802	0.620870279316	0.636699379695	0.599249196493
DD1	0.555589480849	0.638842507956	0.582302267779	0.57701882121	0.556505986307	0.595938901032	0.633989605312	0.55300407574	0.648475824583	0.632611776473	0.661256501941	0.655569323726	0.642355935891	0.695751762237	0.664871033968	0.585109690212	0.583928702191	0.544970603789	0.593457204481	0.0	0.472283942906	0.520832567271	0.553369102563	0.563935516272	0.613812272604	0.597963383362	0.620998986612	0.644989784226	0.636412823193	0.626309175755	0.653162638847	0.648061006689	0.666357441213	0.654123493988	0.679327001293	0.673491027513	0.623704917091	0.608777665894	0.660945847224	0.670602981911	0.705554579187	0.729517439313	0.702416252462	0.744252410155	0.732091508024	0.684883118026	0.708793349195	0.734749358865	0.699394265592	0.735452276963	0.765477406338	0.709551142293	0.710862105212	0.71528949532	0.735091772565	0.615023886664	0.654370290855	0.674174393295	0.651798553794	0.658431163902	0.617902076205	0.622510382588	0.638198527848
DE1	0.592489506337	0.629347397447	0.590326157206	0.584084891597	0.594565101709	0.606657058899	0.636439519762	0.594125175258	0.630688715778	0.670173650798	0.714779702698	0.695453141427	0.684006356944	0.723769593137	0.696608964421	0.588477274684	0.639542289339	0.606741707626	0.625983010402	0.472283942906	0.0	0.55368327008	0.597903718662	0.620697902735	0.629864568641	0.631044891917	0.642604891402	0.671738580003	0.678311219958	0.653953568389	0.69971555618	0.675118470318	0.665553772285	0.639664902544	0.692057828751	0.684217234988	0.660900701856	0.637614423692	0.693309257913	0.682934450707	0.711434204884	0.723293725175	0.723456500252	0.716020741314	0.722277120263	0.729106131229	0.716626455908	0.71324808339	0.732543322976	0.750533339316	0.764188520627	0.754435518345	0.752887656755	0.752463661176	0.771217083618	0.642751273039	0.654716833379	0.704002580025	0.688155561541	0.686282574915	0.641521565151	0.639399402111	0.666451457709
DF1	0.587007459624	0.647837818982	0.567039465272	0.591906140963	0.580527972574	0.57765352067	0.623987401229	0.582646964346	0.576680231393	0.633392033088	0.643735434706	0.606824077972	0.596645382601	0.631794144847	0.641853154774	0.581839240925	0.547267617996	0.592209151452	0.468600320679	0.520832567271	0.55368327008	0.0	0.568606580248	0.509103771411	0.535579111105	0.570092050937	0.582390316151	0.613538947861	0.603110024712	0.622788472308	0.608011910273	0.67081528634	0.639192185781	0.64766529475	0.664791347547	0.690707556972	0.655465909042	0.584059848775	0.688382808072	0.651663048615	0.731485276298	0.730714473067	0.704492163089	0.729540555713	0.762689471549	0.699521977861	0.697475918933	0.747284618387	0.679511757652	0.719350317574	0.746319260551	0.682125729363	0.707251917073	0.684179528779	0.711467026094	0.613994864179	0.643661392039	0.611526969635	0.605963223463	0.604704423218	0.590301898079	0.6036442116	0.589421853528
DG1	0.620777034341	0.667324850751	0.620435992628	0.638243679677	0.629048608465	0.626597208985	0.650909467908	0.634715100892	0.602650640602	0.639104635376	0.651534876181	0.638105358474	0.641417822283	0.660393133775	0.661492256835	0.611942215599	0.580188179291	0.552822459081	0.540775858625	0.553369102563	0.597903718662	0.568606580248	0.0	0.564261970378	0.591466090592	0.589464664322	0.641851679627	0.624023436548	0.641628773765	0.620161016867	0.654804952506	0.650496170937	0.690719004739	0.665339341314	0.693278994248	0.688934923089	0.68078323792	0.634914358045	0.688095141227	0.66739845089	0.70588294679	0.73362821933	0.693021420387	0.72435335968	0.761626830178	0.664264412544	0.686075470624	0.735428765704	0.678280810093	0.682320537043	0.728189686373	0.678392632779	0.697464408206	0.662195589554	0.662636468414	0.653303928167	0.671281107103	0.651544889406	0.659525564234	0.637372689051	0.633665991468	0.649874005613	0.649559205256
DH1	0.643179260648	0.69385302425	0.60074491309	0.632155910671	0.641791482653	0.607266815971	0.653546961366	0.616866980324	0.590474389838	0.591267638038	0.586437880802	0.571958642376	0.548330031809	0.570074108232	0.59565007296	0.609334763584	0.469078814715	0.577481407036	0.525969119754	0.563935516272	0.620697902735	0.509103771411	0.564261970378	0.0	0.551900463035	0.543774547959	0.596479643209	0.586498660777	0.571946207279	0.645332785625	0.539863961819	0.659861831362	0.635753026537	0.677893743197	0.65645002867	0.681947144956	0.656339087885	0.604453362991	0.693264860614	0.641931177371	0.744581074169	0.741004460822	0.690658374543	0.711625519665	0.760292998446	0.68731829016	0.656970661215	0.747218642114	0.59812248044	0.666602660968	0.674388414651	0.628472488615	0.659122899346	0.622440736764	0.639452743807	0.622439872257	0.648620608295	0.59456297228	0.588364636975	0.603212948637	0.605451103412	0.625683055514	0.558196040661
DA4	0.615806460486	0.652559549869	0.626856865235	0.626659510729	0.632018596405	0.604665279452	0.642516838657	0.641553081705	0.567724003116	0.615711338951	0.614110416608	0.5885117068	0.577376642002	0.596280998796	0.60890431882	0.609577887634	0.547489835183	0.578994342923	0.558247023997	0.613812272604	0.629864568641	0.535579111105	0.591466090592	0.551900463035	0.0	0.483594717332	0.600229572563	0.507819570401	0.522640366528	0.609807191235	0.537372617486	0.633827163056	0.655672955581	0.689489012682	0.604583607862	0.657398797723	0.664770950802	0.618406086716	0.697724438446	0.659359557766	0.709549471967	0.713170358049	0.648464835661	0.678306475287	0.748574483676	0.660610150974	0.667412850101	0.717398274575	0.6200979048	0.644679929391	0.702428941057	0.598372280873	0.635279741324	0.677932229069	0.666029349855	0.623938322524	0.660201097217	0.596106735273	0.610214790826	0.622379102371	0.628321278914	0.637859123341	0.608054222644
DB4	0.636475096262	0.685917777772	0.658394569263	0.651495668817	0.646565409504	0.628113647452	0.66196734211	0.65319728692	0.601135491267	0.630713922958	0.646044804443	0.608381571701	0.60950339011	0.619520066341	0.646539803581	0.623903549476	0.538624944379	0.612012073279	0.558359089314	0.597963383362	0.631044891917	0.570092050937	0.589464664322	0.543774547959	0.483594717332	0.0	0.575569274747	0.542539885321	0.540275382864	0.574031339515	0.570539153618	0.60924580195	0.67074663561	0.656368838148	0.642690231971	0.684418238709	0.66658692811	0.604855651379	0.709475486507	0.681992344798	0.696305821739	0.723314302367	0.660093468848	0.69724138163	0.733661966291	0.660175154983	0.660107035685	0.72841635446	0.630757624706	0.652944443824	0.702143559021	0.604808717567	0.634312891949	0.621090452274	0.657364987768	0.618325438806	0.672640769642	0.631542595272	0.600581939312	0.637282248505	0.645867498065	0.663989850286	0.633841377234
DC4	0.620472815097	0.662917986011	0.640457467187	0.66173667983	0.658153637251	0.646981594467	0.642149390922	0.638350646158	0.567477651584	0.647798074092	0.628299134507	0.643876640806	0.659746589243	0.661999812067	0.655815384635	0.611709873241	0.599765790161	0.626975016191	0.639648845905	0.620998986612	0.642604891402	0.582390316151	0.641851679627	0.596479643209	0.600229572563	0.575569274747	0.0	0.57601969049	0.574495993113	0.529839031072	0.599830468955	0.563795681468	0.701369662612	0.706110711803	0.697793124972	0.730693663896	0.685972747298	0.65390534336	0.713158312462	0.688093496694	0.721264712283	0.738429024507	0.703846663744	0.73182384486	0.742315193395	0.708087287554	0.697555591987	0.748949483222	0.699522658465	0.69413929711	0.730827938136	0.673416149349	0.671788984043	0.707212879363	0.728189010703	0.643852893366	0.677343875062	0.656291809574	0.625572137099	0.665080503259	0.634270075926	0.66787461484	0.632048283579
DD4	0.614379578868	0.666154503787	0.626057948768	0.609556762051	0.648519386579	0.620978196128	0.643783234612	0.64090480827	0.564291900002	0.605737370359	0.581467108123	0.597718992764	0.59673884091	0.585703006509	0.601147566958	0.624466617551	0.586338117215	0.601042723963	0.589279835317	0.644989784226	0.671738580003	0.613538947861	0.624023436548	0.586498660777	0.507819570401	0.542539885321	0.57601969049	0.0	0.432908142135	0.63710856089	0.539051090304	0.657574750027	0.677777677643	0.716595525213	0.65073763282	0.670551198624	0.676133149188	0.63895140183	0.689257967301	0.685481340597	0.719762067316	0.706093879078	0.637101352156	0.675091525463	0.741739118468	0.639343597676	0.671306530186	0.703859313541	0.625379994299	0.606785070651	0.700872797154	0.605835171916	0.602666629329	0.643520085433	0.655095439771	0.600437551304	0.672180186521	0.616055750372	0.609300409199	0.629186145468	0.615317024761	0.615309859133	0.599951624096
DE4	0.618907203449	0.666166552267	0.626665531201	0.608371735406	0.627399931395	0.600080175147	0.656165638301	0.663108490142	0.586170415217	0.616539449179	0.599292172884	0.580383759905	0.570365497563	0.592018353356	0.616009389204	0.647743950437	0.570069136344	0.589622107894	0.58212042204	0.636412823193	0.678311219958	0.603110024712	0.641628773765	0.571946207279	0.522640366528	0.540275382864	0.574495993113	0.432908142135	0.0	0.646438615527	0.532568863314	0.631282195455	0.663827135359	0.704904440932	0.608182091877	0.677119621554	0.668386800279	0.643128830217	0.698388688875	0.689266145973	0.705963774957	0.699351500673	0.618861772402	0.660716138131	0.734279197148	0.624434143708	0.662518025499	0.687158912257	0.593865945909	0.617079023672	0.682118333695	0.590239796416	0.591778056622	0.650319758443	0.659150876913	0.608582490718	0.668500230993	0.601839070506	0.615910403319	0.631922945168	0.634004859921	0.623428620156	0.602787935807
DF4	0.651268498199	0.679058127544	0.674039496926	0.672762087957	0.687568035576	0.648851853086	0.680394812847	0.674041912708	0.635631205638	0.72742900711	0.703731922799	0.714178496527	0.73118434248	0.721153167632	0.733607322542	0.648488033967	0.643048272267	0.65282522478	0.662716674256	0.626309175755	0.653953568389	0.622788472308	0.620161016867	0.645332785625	0.609807191235	0.574031339515	0.529839031072	0.63710856089	0.646438615527	0.0	0.652477233401	0.476838674064	0.708129396753	0.70438801417	0.719187859967	0.710820016373	0.68843543138	0.674037718041	0.714338485345	0.682571755073	0.729876995195	0.752451159903	0.708400250656	0.756975941173	0.760343395887	0.714312351389	0.73090644942	0.769052823433	0.710991727416	0.723390640155	0.722165220494	0.691179406107	0.671713197622	0.733810472894	0.745934582498	0.679338752717	0.675042481719	0.719460610396	0.704910485474	0.727303147348	0.67846273136	0.670721332424	0.688011335457
DG4	0.610144684189	0.623054666801	0.631341208334	0.600744902564	0.633600348632	0.6276945773	0.642249959124	0.630649985749	0.601900857202	0.632615689611	0.629670919113	0.612963043516	0.602998291032	0.644386055068	0.632498916331	0.615606568823	0.579739064356	0.619435743452	0.612642328351	0.653162638847	0.69971555618	0.608011910273	0.654804952506	0.539863961819	0.537372617486	0.570539153618	0.599830468955	0.539051090304	0.532568863314	0.652477233401	0.0	0.643944059358	0.678811537559	0.708530103755	0.650292494555	0.669377941631	0.636563698531	0.649940391785	0.719865209238	0.697270355886	0.741409614718	0.718087781107	0.667539424182	0.672203557803	0.748414341414	0.69134507799	0.680130626389	0.728248310112	0.625247701215	0.645066799767	0.71436209932	0.609366927548	0.656648020999	0.656423308436	0.688443944493	0.643807045508	0.65306216744	0.648675668632	0.62777939187	0.665324174995	0.660998956834	0.605440048805	0.613594394427
DH4	0.681641257413	0.687129646102	0.669861260608	0.679657898674	0.676155029544	0.671891941935	0.696119752664	0.656403486779	0.666132517613	0.716730045503	0.686347481812	0.694337523184	0.725988830941	0.73471473575	0.711428575068	0.658892103174	0.650275247807	0.671888171523	0.673777276898	0.648061006689	0.675118470318	0.67081528634	0.650496170937	0.659861831362	0.633827163056	0.60924580195	0.563795681468	0.657574750027	0.631282195455	0.476838674064	0.643944059358	0.0	0.736756189233	0.721109227531	0.741945948739	0.72083461745	0.725352815729	0.699986044046	0.731542700914	0.710533267688	0.705504583739	0.748432778708	0.70149092676	0.761074386795	0.754880264839	0.69523584348	0.70467150966	0.76215570412	0.71648960988	0.707374358391	0.695160352991	0.707358794501	0.696995454223	0.702606979291	0.73102055031	0.669818959455	0.69701963927	0.708639272779	0.695502221778	0.743401798078	0.689429071871	0.696450499368	0.690159392266
DA6	0.688756124552	0.680149323702	0.639096016521	0.62919865572	0.682524030567	0.632514175426	0.69517127494	0.708063413675	0.642273987629	0.712434234556	0.7370003059	0.685939107749	0.687967128518	0.699202769392	0.711773898931	0.655297365154	0.670350777463	0.654436521639	0.676282206955	0.666357441213	0.665553772285	0.639192185781	0.690719004739	0.635753026537	0.655672955581	0.67074663561	0.701369662612	0.677777677643	0.663827135359	0.708129396753	0.678811537559	0.736756189233	0.0	0.611898853946	0.564916565727	0.541300227397	0.595279615844	0.582708793288	0.608921156579	0.566864334289	0.637834321385	0.625007651417	0.623205348437	0.624084242458	0.678203428958	0.641141827034	0.619865596191	0.603025982181	0.673035989357	0.641370716992	0.671199195267	0.64415502225	0.625978821072	0.722125101376	0.734293364687	0.676693175322	0.645599037271	0.717206332132	0.718994644172	0.716938085765	0.662552587474	0.657358674541	0.664453953595
DB6	0.66713789312	0.709145485369	0.630209817864	0.685874960851	0.655364297401	0.687380205351	0.690698824351	0.686315615588	0.689058434958	0.711562631216	0.74365503084	0.731549706814	0.724095061845	0.734923163128	0.724102380219	0.666062927885	0.671176656191	0.698736959247	0.669447841188	0.654123493988	0.639664902544	0.64766529475	0.665339341314	0.677893743197	0.689489012682	0.656368838148	0.706110711803	0.716595525213	0.704904440932	0.70438801417	0.708530103755	0.721109227531	0.611898853946	0.0	0.610263819671	0.595512715414	0.626288819051	0.552927352778	0.581874590134	0.603025276094	0.648748881555	0.661817208745	0.65699808769	0.649635755188	0.666036161804	0.65401156986	0.663630367018	0.673134501543	0.686227504971	0.671082957334	0.691399220552	0.662322698012	0.66174429445	0.707459989476	0.705218253646	0.657618491468	0.669229304863	0.730367816817	0.719917585824	0.684585492336	0.670841117896	0.665524249424	0.685531971289
DC6	0.658594619416	0.709358411878	0.667757668911	0.655944356753	0.669784374327	0.66183017962	0.700024980198	0.708187610088	0.656380851096	0.690463932355	0.699739578086	0.662883156568	0.639628530487	0.670876627123	0.655423377502	0.699491408817	0.643590589553	0.641185571003	0.653161984826	0.679327001293	0.692057828751	0.664791347547	0.693278994248	0.65645002867	0.604583607862	0.642690231971	0.697793124972	0.65073763282	0.608182091877	0.719187859967	0.650292494555	0.741945948739	0.564916565727	0.610263819671	0.0	0.51937596031	0.600830992184	0.578684506827	0.596826454363	0.601174302938	0.678367443103	0.661493886036	0.597039840264	0.66621162572	0.709265779408	0.639099085458	0.652104270835	0.683313057696	0.625463619485	0.630655506332	0.659080186114	0.576803065043	0.595011199097	0.680441555922	0.691187466105	0.65823001843	0.650936422411	0.666023023769	0.673399531241	0.674015148718	0.683547289869	0.638403915264	0.651651030209
DD6	0.675786300651	0.708977137184	0.650750040651	0.635497471948	0.679039611196	0.665431511236	0.716667696605	0.702009305504	0.670779489226	0.729881582866	0.752421996758	0.721018748898	0.701399829506	0.73855664885	0.707362155735	0.69521645586	0.698337281606	0.65895206239	0.684677288332	0.673491027513	0.684217234988	0.690707556972	0.688934923089	0.681947144956	0.657398797723	0.684418238709	0.730693663896	0.670551198624	0.677119621554	0.710820016373	0.669377941631	0.72083461745	0.541300227397	0.595512715414	0.51937596031	0.0	0.545425576055	0.583004574025	0.591340597717	0.557317959809	0.639987915096	0.64441906148	0.590363587572	0.628809379924	0.670280616762	0.617722128461	0.643366781276	0.656224608773	0.657499464053	0.63203545964	0.672347419167	0.625929706925	0.574079454902	0.704810479882	0.717760612781	0.658217073636	0.626294046876	0.712269746321	0.731956009136	0.714889531989	0.705681267011	0.627495273671	0.677552112293
DE6	0.604399528339	0.673329719923	0.666943559189	0.586432698247	0.638573332988	0.670708126916	0.666620627188	0.672485705312	0.660213531005	0.686096908398	0.72094583033	0.710965755559	0.693565510301	0.69614708524	0.719112163063	0.67419456931	0.694624223443	0.661728359439	0.665694720327	0.623704917091	0.660900701856	0.655465909042	0.68078323792	0.656339087885	0.664770950802	0.66658692811	0.685972747298	0.676133149188	0.668386800279	0.68843543138	0.636563698531	0.725352815729	0.595279615844	0.626288819051	0.600830992184	0.545425576055	0.0	0.566734714043	0.594021087049	0.5852350564	0.680462488397	0.67519763696	0.654088101214	0.683929952496	0.74376414325	0.690744596826	0.680627418537	0.691698368283	0.705358826205	0.677992310773	0.73127306707	0.659630833201	0.651267382487	0.726754359623	0.732116062022	0.661135145755	0.600627764862	0.693425362064	0.693242573966	0.662836142996	0.662914185797	0.60905879656	0.653505618993
DF6	0.614294077761	0.706157124994	0.602605839949	0.620063049122	0.656174363818	0.606249843374	0.648366299985	0.627788138843	0.652654425751	0.668887048777	0.698285047331	0.673880984227	0.644454590895	0.675939692778	0.685315965201	0.659550114699	0.61299778884	0.667668199516	0.598160871706	0.608777665894	0.637614423692	0.584059848775	0.634914358045	0.604453362991	0.618406086716	0.604855651379	0.65390534336	0.63895140183	0.643128830217	0.674037718041	0.649940391785	0.699986044046	0.582708793288	0.552927352778	0.578684506827	0.583004574025	0.566734714043	0.0	0.598859636785	0.575537461036	0.665963090556	0.696462365837	0.659576349515	0.704048109256	0.704632997657	0.639447631272	0.653754715598	0.709200457106	0.634537895582	0.632338277259	0.678772685538	0.660378631587	0.661839646409	0.664886039126	0.649092858749	0.63865783985	0.678849274028	0.662821020733	0.637513085712	0.625514503837	0.654013394251	0.66346704137	0.639928848672
DG6	0.658243611497	0.741961907372	0.679881281772	0.649244570626	0.640030813471	0.692204894483	0.720478733509	0.724563651229	0.73491219276	0.686741355	0.710467610172	0.721539050601	0.70549339242	0.720376239232	0.706967607305	0.680015185113	0.712768539158	0.678422862087	0.684496866477	0.660945847224	0.693309257913	0.688382808072	0.688095141227	0.693264860614	0.697724438446	0.709475486507	0.713158312462	0.689257967301	0.698388688875	0.714338485345	0.719865209238	0.731542700914	0.608921156579	0.581874590134	0.596826454363	0.591340597717	0.594021087049	0.598859636785	0.0	0.586105636858	0.644252142328	0.675809861659	0.653735236924	0.699090901574	0.683006457174	0.623087653701	0.638703018562	0.666166211708	0.643465855242	0.651800007735	0.66119814474	0.637262122097	0.618522139374	0.686879093961	0.699969961874	0.698885325501	0.665600894174	0.729908695413	0.718732786148	0.70057584128	0.668734034953	0.654451532286	0.673965747767
DH6	0.686000355207	0.749099340963	0.657168665207	0.671457782502	0.673120125056	0.664283330316	0.694339778185	0.707272977723	0.701945572531	0.670412791421	0.696806212602	0.700959995272	0.677832497889	0.699303439674	0.696952451735	0.675064902661	0.664216402968	0.65879889994	0.670055225233	0.670602981911	0.682934450707	0.651663048615	0.66739845089	0.641931177371	0.659359557766	0.681992344798	0.688093496694	0.685481340597	0.689266145973	0.682571755073	0.697270355886	0.710533267688	0.566864334289	0.603025276094	0.601174302938	0.557317959809	0.5852350564	0.575537461036	0.586105636858	0.0	0.663627190619	0.679138337949	0.668206220389	0.679936332601	0.690054416749	0.637820574887	0.640807720331	0.699302329681	0.653544170905	0.626970181378	0.668917532485	0.634604375327	0.617510456936	0.700405336536	0.712418571626	0.693598504671	0.645788303308	0.721563426703	0.685504050453	0.690980403091	0.634892710339	0.654031513155	0.645193731684
DA7	0.730783204183	0.713675895918	0.705763448391	0.708289700414	0.685576647904	0.71087229473	0.726096448651	0.730790587955	0.730745386428	0.77630787273	0.766107259253	0.750744826344	0.767393391017	0.770826439187	0.775434360628	0.707027439545	0.73576004401	0.70377692578	0.740608725825	0.705554579187	0.711434204884	0.731485276298	0.70588294679	0.744581074169	0.709549471967	0.696305821739	0.721264712283	0.719762067316	0.705963774957	0.729876995195	0.741409614718	0.705504583739	0.637834321385	0.648748881555	0.678367443103	0.639987915096	0.680462488397	0.665963090556	0.644252142328	0.663627190619	0.0	0.525280648986	0.53292518603	0.558816693167	0.543062721225	0.544625507467	0.609035306741	0.456985638964	0.69725351256	0.670581515574	0.710757852622	0.66430050007	0.641522809816	0.733061902528	0.76224108452	0.699851040594	0.683038720334	0.75693414657	0.738684095046	0.733220609775	0.689258038227	0.690042493199	0.695810277634
DB7	0.730039702277	0.695051628219	0.725619267665	0.696733203207	0.718101489668	0.723976999337	0.752804111878	0.769075768263	0.712054652033	0.793564185163	0.797260043403	0.780193700903	0.771044263877	0.783467700917	0.790242849296	0.725431634281	0.748337402285	0.705914972003	0.74953133747	0.729517439313	0.723293725175	0.730714473067	0.73362821933	0.741004460822	0.713170358049	0.723314302367	0.738429024507	0.706093879078	0.699351500673	0.752451159903	0.718087781107	0.748432778708	0.625007651417	0.661817208745	0.661493886036	0.64441906148	0.67519763696	0.696462365837	0.675809861659	0.679138337949	0.525280648986	0.0	0.591364640592	0.532685751199	0.562068077938	0.591004508248	0.567749205865	0.521956436077	0.710780439958	0.676312185822	0.716733377835	0.671817940135	0.665179786937	0.745515007473	0.780602339603	0.69716316451	0.677237706166	0.750835992235	0.758389346976	0.751979872985	0.695288326276	0.668210395937	0.719739000791
