	DA5	DB5	DC5	DD5	DE5	DF5	DG5	DH5	DA2	DB2	DC2	DD2	DE2	DF2	DG2	DH2	DA1	DB1	DC1	DD1	DE1	DF1	DG1	DH1	DA4	DB4	DC4	DD4	DE4	DF4	DG4	DH4	DA6	DB6	DC6	DD6	DE6	DF6	DG6	DH6	DA7	DB7	DC7	DD7	DE7	DF7	DG7	DH7	DA8	DB8	DC8	DD8	DF8	DG8	DH8	DA3	DB3	DC3	DD3	DE3	DF3	DG3	DH3
DA5	0.0	0.511307591411	0.549483228211	0.503160231117	0.529814535075	0.514831251033	0.549931324109	0.483171362474	0.574300283762	0.607166216592	0.619057992845	0.609227306492	0.63690703624	0.661285799068	0.638755771188	0.585846798664	0.625716690976	0.587069936386	0.572885235354	0.573744998212	0.536632118664	0.579855769478	0.560619522745	0.623134927432	0.615798282314	0.645279086458	0.651416661597	0.60521229601	0.60248463277	0.611521884873	0.626381765603	0.626535876049	0.652741481697	0.631405172158	0.632739843164	0.680218475758	0.634854480566	0.691079429978	0.653236656958	0.650696855596	0.731215828377	0.722078201841	0.702643482025	0.703889681366	0.752646232054	0.706872217407	0.714773846132	0.725956887185	0.754091347138	0.700041476003	0.707845483951	0.693955220258	0.688303352062	0.729059438399	0.745359600884	0.60280674112	0.606318880513	0.669988222604	0.647834566759	0.615095521545	0.634313046605	0.565052437635	0.639388838712
DB5	0.511307591411	0.0	0.556780664316	0.528651556591	0.563776993268	0.537145928917	0.505344795197	0.54719067142	0.593248027585	0.610188643676	0.612152793488	0.611471572872	0.659501628413	0.665045525921	0.647183187369	0.596484172156	0.664003877172	0.606835404382	0.60099378742	0.616332528868	0.610550973895	0.646828836938	0.572667673945	0.616194944591	0.63320499972	0.638493541443	0.655451068911	0.645870160166	0.621338684252	0.640985955632	0.640233185064	0.625530990282	0.675340792144	0.652865357922	0.645236836671	0.719544299378	0.659730614776	0.686283816525	0.666012262062	0.691059515321	0.736228873946	0.719392824966	0.700937432814	0.673948623901	0.752220651653	0.690704462572	0.710789716071	0.727892132966	0.742129907095	0.706274310479	0.743023063815	0.693322267259	0.693298539645	0.736158248788	0.74169699938	0.615246558444	0.623011339548	0.696117270705	0.652898862314	0.654744847936	0.665613715558	0.561876675079	0.631815683847
DC5	0.549483228211	0.556780664316	0.0	0.516731385689	0.548963202287	0.473516277311	0.521861172945	0.533042389371	0.588829912769	0.658185275401	0.642523286788	0.636622768645	0.664948215263	0.671719191993	0.661779870224	0.617989376647	0.640609147291	0.628957599952	0.628530285595	0.545669847883	0.581015118241	0.59605616831	0.594037419048	0.61417982418	0.617095706664	0.627395634443	0.653355427494	0.624061534166	0.63460522529	0.654745242388	0.614011583924	0.620701412996	0.650449819398	0.605536974046	0.639534098186	0.657454475583	0.666185859275	0.640629184499	0.64533941574	0.646424234089	0.698009281394	0.691063927179	0.681631099916	0.679747445702	0.716725041722	0.645250463383	0.670080693026	0.706365861707	0.707702810131	0.716447987501	0.724002981148	0.692639761441	0.68418907132	0.755565638102	0.748978278264	0.600309330788	0.633030572452	0.679792215939	0.652183101147	0.634500210436	0.622297625787	0.602409111724	0.604020574676
DD5	0.503160231117	0.528651556591	0.516731385689	0.0	0.523197665784	0.510421678223	0.54821895727	0.519946395574	0.570317490196	0.638414446908	0.606578275804	0.645348640828	0.664039371125	0.649584621401	0.639358192172	0.582954366309	0.660806988475	0.630644487197	0.602488245891	0.560286585464	0.56745742755	0.587613289952	0.591301697085	0.598468248412	0.650704929543	0.636167871997	0.644153256433	0.64032737508	0.648480729907	0.645287442828	0.615015412656	0.611843701472	0.663249148014	0.636887730719	0.67491989431	0.687082847696	0.649103374493	0.66167907361	0.650441741218	0.676781191152	0.718800094926	0.715292602384	0.713852638362	0.706919969867	0.723128709163	0.671549132836	0.704845734623	0.732863661781	0.753412506536	0.70831430085	0.735438010913	0.730140956696	0.712042235679	0.74189128653	0.758343598437	0.62303449732	0.617867492853	0.689510213429	0.663542048574	0.625682103873	0.629907670845	0.597287230286	0.633249798449
DE5	0.529814535075	0.563776993268	0.548963202287	0.523197665784	0.0	0.507954069195	0.552905713953	0.546749626015	0.591479885777	0.651182717393	0.651514261584	0.656640995366	0.697597318632	0.698565256248	0.655488151118	0.572619001303	0.675139165204	0.620801873455	0.665806414842	0.579332452466	0.558009333251	0.643776935076	0.61765300092	0.645855316287	0.635658742667	0.651548523177	0.667950377544	0.657636733665	0.663859806241	0.636913763879	0.654440178962	0.650822525084	0.69704563144	0.664482160605	0.692212561091	0.675579497572	0.653065746473	0.706034813153	0.657155559425	0.704274891922	0.695520534152	0.677582579016	0.714846268064	0.673493051464	0.701199274101	0.69581954277	0.69725011321	0.715599963252	0.733252272468	0.741789293887	0.74339937516	0.7249292341	0.728649429542	0.766364377059	0.755920982602	0.660945901014	0.659454605805	0.711429041851	0.70733760431	0.680614200115	0.641594549807	0.638191338978	0.651232286931
DF5	0.514831251033	0.537145928917	0.473516277311	0.510421678223	0.507954069195	0.0	0.555173066043	0.528489671721	0.563445386723	0.624088602185	0.624616234397	0.601795164818	0.663381680006	0.652331155978	0.636334175336	0.56106401232	0.612573490291	0.599873960029	0.61877677071	0.558404798036	0.588428998267	0.612076850189	0.596564213977	0.618772783782	0.584849701639	0.602490451454	0.608813225227	0.622185514654	0.613106031319	0.590038210876	0.58791602296	0.615004244204	0.663674595618	0.608941441675	0.624702940619	0.675562451286	0.654043774687	0.655422363477	0.639632216608	0.660966041681	0.680077508685	0.690623443788	0.659859756496	0.671591213286	0.699579515706	0.645972124276	0.673704271736	0.693664685732	0.70919267917	0.679208121827	0.720328983699	0.692714081739	0.665384597968	0.728166030787	0.732370790828	0.577501880986	0.600562787002	0.651246106084	0.657019854946	0.652913746995	0.607576841238	0.592406042402	0.580765266351
DG5	0.549931324109	0.505344795197	0.521861172945	0.54821895727	0.552905713953	0.555173066043	0.0	0.562757274251	0.576930389803	0.61644559055	0.641369576944	0.649079468066	0.664180791856	0.657140320124	0.633495189439	0.576344325327	0.660165272573	0.63002468678	0.607474754025	0.575412963054	0.614028374278	0.611455297273	0.586553666379	0.63643104532	0.6175161303	0.626646143755	0.654406715664	0.639037104045	0.663983267704	0.670294508436	0.623120737185	0.63546381563	0.685402901178	0.62853246962	0.670828852148	0.700667470322	0.688736700801	0.691666006139	0.688709602798	0.687877600925	0.751882106982	0.736264049543	0.718313102379	0.69937336964	0.754834882314	0.703998446384	0.688773327636	0.746567285563	0.746338403479	0.726331046951	0.743085838761	0.703543209201	0.713210160498	0.750740468163	0.73995489467	0.642031955928	0.65328376102	0.68600026747	0.658661617017	0.654517231029	0.651557374996	0.608608674846	0.644083261833
DH5	0.483171362474	0.54719067142	0.533042389371	0.519946395574	0.546749626015	0.528489671721	0.562757274251	0.0	0.577445441149	0.603096501541	0.566967395769	0.583627664894	0.636863435596	0.621686195005	0.591027737676	0.596292723958	0.60400134692	0.611678411604	0.60356943146	0.577563442835	0.550091145395	0.58930670668	0.581646249922	0.592173358748	0.617133037818	0.621242257056	0.636706187236	0.60996848332	0.600191145387	0.613401408674	0.597039229998	0.623925300144	0.693101410557	0.628305644296	0.610561516529	0.666052058371	0.651568671629	0.63243766328	0.644663323578	0.670945530745	0.72546167773	0.711955740668	0.677929535842	0.687548540322	0.735991598702	0.644116368793	0.674075783928	0.73904825682	0.690366656636	0.715982711655	0.732306512929	0.674158345321	0.696996360841	0.690448899817	0.715208629332	0.607937584028	0.651542562832	0.666008264817	0.625048815742	0.632353337901	0.609266474518	0.56917883607	0.592522837601
DA2	0.574300283762	0.593248027585	0.588829912769	0.570317490196	0.591479885777	0.563445386723	0.576930389803	0.577445441149	0.0	0.584661398775	0.569208461552	0.583571255413	0.588983655332	0.561115816781	0.575387136072	0.438535853322	0.585884303207	0.606643477989	0.578993201245	0.571365989758	0.595160020116	0.60434956935	0.595447393122	0.605772096828	0.611681434734	0.592544721525	0.623213805971	0.606774654329	0.621946643598	0.630181631862	0.603033163026	0.627785895914	0.676064017069	0.633835420694	0.653401970949	0.696399446282	0.681411222108	0.649628246805	0.657962303936	0.66135255746	0.724353814703	0.694629249775	0.660599455171	0.697806988992	0.745619076019	0.672845871862	0.684813496325	0.745233648139	0.703483819395	0.671015090427	0.71233562543	0.67307134218	0.67755674606	0.672898516866	0.681198331583	0.610390158852	0.630499183526	0.625036173814	0.614389030653	0.586468808324	0.592445835549	0.592873948403	0.581461294773
DB2	0.607166216592	0.610188643676	0.658185275401	0.638414446908	0.651182717393	0.624088602185	0.61644559055	0.603096501541	0.584661398775	0.0	0.557662207376	0.533435470903	0.558791375072	0.570785388501	0.496049558454	0.616354053325	0.612965840532	0.633893909236	0.579949446043	0.616840888994	0.669563145988	0.63287809956	0.578512280867	0.604624721085	0.615698270366	0.614155170956	0.66343897292	0.5964280194	0.584086877892	0.698184651189	0.619189448531	0.721866223863	0.720405207862	0.682268209573	0.650733754757	0.760077445557	0.701385601261	0.689604000452	0.665527396685	0.705201089037	0.791240845423	0.782814670273	0.731846098305	0.72875318455	0.799861451873	0.709439633195	0.733283650271	0.750948453885	0.701818617753	0.673310897834	0.724096487703	0.638699617934	0.672182118776	0.681921468356	0.685289126227	0.632440566256	0.643474690515	0.601153890161	0.606778499666	0.575586271438	0.651063022037	0.627017629289	0.596696977502
DC2	0.619057992845	0.612152793488	0.642523286788	0.606578275804	0.651514261584	0.624616234397	0.641369576944	0.566967395769	0.569208461552	0.557662207376	0.0	0.523027121341	0.539983567387	0.492695483128	0.532685019574	0.614276491783	0.586457187316	0.632548358642	0.577767877595	0.642605660645	0.663204789652	0.624429362357	0.601566528121	0.558839855157	0.609106268956	0.598925872704	0.650153224433	0.619872368299	0.599097774123	0.675956096981	0.599103254046	0.684376020895	0.736733622008	0.673368324271	0.665053081658	0.754455700575	0.720689571935	0.664527776128	0.696626954391	0.702343102803	0.771346758052	0.776259095618	0.708226123724	0.73227302451	0.801516474327	0.681388480099	0.722662193312	0.786304277951	0.677404404247	0.667691832581	0.721162084968	0.650217348655	0.679647751768	0.6363977037	0.640914257761	0.632590248726	0.669792315876	0.607046410259	0.594416438044	0.582589542848	0.643087961162	0.636133685795	0.580461552653
DD2	0.609227306492	0.611471572872	0.636622768645	0.645348640828	0.656640995366	0.601795164818	0.649079468066	0.583627664894	0.583571255413	0.533435470903	0.523027121341	0.0	0.492842323035	0.496651238722	0.539259740409	0.623483862105	0.543859988079	0.588247449148	0.550512535851	0.634772458244	0.671263701221	0.605791137067	0.595771086529	0.584688826786	0.569408837376	0.57088940061	0.645032092955	0.57678793172	0.531892129689	0.667387491345	0.576516409427	0.698151052974	0.714650894229	0.666322256702	0.61274288205	0.757220489684	0.698913421985	0.647914531669	0.684450788566	0.67048680833	0.767663044102	0.765538514292	0.681432749808	0.701099529124	0.772832520829	0.689451132005	0.694204297029	0.748187787766	0.639462660351	0.631063783316	0.710910484788	0.652127791627	0.648877675231	0.610100856546	0.625954531243	0.617490486845	0.658399590239	0.57115080409	0.552831373526	0.555455915156	0.641508123367	0.629625733352	0.574458374464
DE2	0.63690703624	0.659501628413	0.664948215263	0.664039371125	0.697597318632	0.663381680006	0.664180791856	0.636863435596	0.588983655332	0.558791375072	0.539983567387	0.492842323035	0.0	0.513742993023	0.531122307881	0.645113124389	0.574961359886	0.628358122821	0.576429705939	0.625161977703	0.688730572601	0.605744325907	0.601478114221	0.606066390853	0.621813997166	0.603303368543	0.684153000609	0.606995424687	0.615970268741	0.697833599393	0.628663335236	0.714645325208	0.717764067195	0.669678322025	0.635444349844	0.770461354525	0.726554531076	0.629963681573	0.692541567188	0.674432841332	0.789065111532	0.785410254419	0.709224128598	0.741307366406	0.818560039987	0.708109913571	0.718647021242	0.783854846128	0.668996330737	0.661446530012	0.704696593047	0.684769219417	0.677002982463	0.63577437768	0.630320491567	0.644253600016	0.703018511277	0.573798889328	0.570340568037	0.537122204981	0.670739894853	0.676985432849	0.607329818894
DF2	0.661285799068	0.665045525921	0.671719191993	0.649584621401	0.698565256248	0.652331155978	0.657140320124	0.621686195005	0.561115816781	0.570785388501	0.492695483128	0.496651238722	0.513742993023	0.0	0.534960513197	0.609830227484	0.572387391316	0.643097772528	0.580122796741	0.661368985558	0.685478138023	0.616176243284	0.637562135007	0.599430607567	0.623705003555	0.575269680261	0.656269028539	0.614004279686	0.601301795647	0.687779708348	0.60429937522	0.704437175752	0.728153747275	0.666846574698	0.664144951034	0.757719549275	0.721632704082	0.642237317941	0.703236619771	0.697764215555	0.771392121887	0.76951955431	0.674896435811	0.730773769562	0.784897131307	0.694545620323	0.693275733295	0.783843103064	0.680614269397	0.685547877111	0.723653091857	0.681651579473	0.698978882437	0.620909517655	0.643797621581	0.629844079943	0.671453499193	0.573134020768	0.568965782885	0.554580897095	0.63274604577	0.665958817622	0.57467001181
DG2	0.638755771188	0.647183187369	0.661779870224	0.639358192172	0.655488151118	0.636334175336	0.633495189439	0.591027737676	0.575387136072	0.496049558454	0.532685019574	0.539259740409	0.531122307881	0.534960513197	0.0	0.635499465826	0.590253559413	0.647804975595	0.587675018362	0.640167509329	0.681569825934	0.61474131892	0.600247848426	0.574523282398	0.615648073575	0.586648146911	0.657960822311	0.61897691236	0.590241389204	0.698439291906	0.622005549757	0.716952300588	0.731175793155	0.679693805085	0.652930363161	0.741775679706	0.717072450458	0.656569642912	0.694077901592	0.694022028688	0.789749248083	0.779111610577	0.716400706227	0.735900593493	0.795727247379	0.690597166257	0.722397205778	0.776671886077	0.677526485708	0.671429760267	0.721374844919	0.65930123856	0.679535900073	0.631200093518	0.66209543325	0.654149189556	0.690234899497	0.607459019203	0.614557057093	0.577888417953	0.657713504871	0.660973420904	0.601498425179
DH2	0.585846798664	0.596484172156	0.617989376647	0.582954366309	0.572619001303	0.56106401232	0.576344325327	0.596292723958	0.438535853322	0.616354053325	0.614276491783	0.623483862105	0.645113124389	0.609830227484	0.635499465826	0.0	0.625797448721	0.617506064347	0.611471574624	0.57222900983	0.56204281558	0.617915044442	0.60541129853	0.635982854656	0.635585863019	0.628336383811	0.616516629127	0.620046015701	0.648208481707	0.609472043771	0.590631682174	0.630700646419	0.68288972635	0.66743490863	0.704534550026	0.710164343075	0.677032890089	0.712151201072	0.669745495684	0.684361765236	0.712540036174	0.695464392566	0.717819466317	0.692451097034	0.740972278793	0.70745722467	0.694759368028	0.72188641666	0.739697148666	0.705064705481	0.712710257876	0.692475013782	0.698964986301	0.721414087408	0.73253503019	0.634217746895	0.636649781272	0.676958392109	0.664756762045	0.650811794842	0.600735635413	0.604212094221	0.64059643298
DA1	0.625716690976	0.664003877172	0.640609147291	0.660806988475	0.675139165204	0.612573490291	0.660165272573	0.60400134692	0.585884303207	0.612965840532	0.586457187316	0.543859988079	0.574961359886	0.572387391316	0.590253559413	0.625797448721	0.0	0.579431193654	0.550293381577	0.602445822977	0.639738459903	0.545285735207	0.632471915673	0.519461940867	0.594681347955	0.561225512249	0.605852385739	0.538231372172	0.559486106403	0.609155480929	0.559005458422	0.650146026003	0.692271639902	0.615932326418	0.654019983265	0.719383447345	0.667258418719	0.61774402056	0.619392783583	0.64775355639	0.737083583563	0.713033454848	0.666163541783	0.693772322929	0.75912814598	0.666796261988	0.672589568966	0.744585873874	0.625061540484	0.642472583445	0.654652991472	0.629056380207	0.622969169562	0.590968992904	0.589656992489	0.613909179822	0.697987445746	0.609537371673	0.559591101663	0.591889542429	0.61025739441	0.653055135286	0.573024103152
DB1	0.587069936386	0.606835404382	0.628957599952	0.630644487197	0.620801873455	0.599873960029	0.63002468678	0.611678411604	0.606643477989	0.633893909236	0.632548358642	0.588247449148	0.628358122821	0.643097772528	0.647804975595	0.617506064347	0.579431193654	0.0	0.566263132298	0.566900182542	0.600395942249	0.590400630598	0.522238371338	0.566011582803	0.554756552521	0.570174107885	0.621926126235	0.568452307736	0.568070959486	0.628003907792	0.599707053406	0.629563388601	0.658552123391	0.652862996812	0.643413559795	0.69677154542	0.660931080495	0.632132349615	0.627569964868	0.649846581268	0.720500570378	0.705073968896	0.692703807595	0.657517867429	0.751208263941	0.680810967252	0.670251391561	0.700147231316	0.673267958919	0.664765009556	0.649618858753	0.669515645517	0.648955751264	0.676319987247	0.673540794696	0.632516598951	0.646156287813	0.667018091498	0.646002860331	0.638744128176	0.640726808053	0.624894281017	0.651907303951
DC1	0.572885235354	0.60099378742	0.628530285595	0.602488245891	0.665806414842	0.61877677071	0.607474754025	0.60356943146	0.578993201245	0.579949446043	0.577767877595	0.550512535851	0.576429705939	0.580122796741	0.587675018362	0.611471574624	0.550293381577	0.566263132298	0.0	0.556733540202	0.600860866514	0.518046315145	0.527594733622	0.553178761786	0.546812574777	0.582810382095	0.634789923291	0.57928437934	0.593672325133	0.664707509382	0.602780242149	0.663217488344	0.669593957523	0.663863478075	0.615633765499	0.738897421267	0.670969852277	0.651179522745	0.683706667835	0.643820532969	0.774213481881	0.747969924622	0.703654915408	0.699124241341	0.782699587252	0.690695036386	0.695030079306	0.723389354206	0.68278393572	0.667779661145	0.678149224822	0.682055712091	0.654068745897	0.665803351902	0.668774331068	0.610440530001	0.63334531973	0.590015985195	0.544447633719	0.570236327412	0.65117622575	0.590362004325	0.611601748975
DD1	0.573744998212	0.616332528868	0.545669847883	0.560286585464	0.579332452466	0.558404798036	0.575412963054	0.577563442835	0.571365989758	0.616840888994	0.642605660645	0.634772458244	0.625161977703	0.661368985558	0.640167509329	0.57222900983	0.602445822977	0.566900182542	0.556733540202	0.0	0.528630262317	0.525714863866	0.549062425698	0.561935734107	0.626394688808	0.619367375521	0.636900957123	0.616352504981	0.631478606349	0.617227003725	0.622075322747	0.616310961365	0.663339280671	0.62095272137	0.659926719756	0.692345033587	0.662732573063	0.646931734828	0.653724975343	0.663857298142	0.731413424679	0.717607681362	0.724749206901	0.6974115087	0.755787399069	0.691464239844	0.680898211379	0.737657799162	0.693674929257	0.712828492184	0.720433380033	0.724098678471	0.702761066506	0.723406886008	0.70830972562	0.626027477013	0.592935159208	0.62177391868	0.60587188384	0.614781302088	0.579220510964	0.600967517816	0.604580441834
DE1	0.536632118664	0.610550973895	0.581015118241	0.56745742755	0.558009333251	0.588428998267	0.614028374278	0.550091145395	0.595160020116	0.669563145988	0.663204789652	0.671263701221	0.688730572601	0.685478138023	0.681569825934	0.56204281558	0.639738459903	0.600395942249	0.600860866514	0.528630262317	0.0	0.563468756222	0.578438248813	0.6085475004	0.672858692324	0.674974571653	0.647315463247	0.675630077034	0.679200785217	0.606726222553	0.679263825857	0.630266667777	0.643237455958	0.63511614532	0.68962931718	0.694223403559	0.681421924023	0.673187175593	0.650920716818	0.684214995836	0.711191242116	0.674097173075	0.738524374186	0.716995628051	0.713393900988	0.717863774754	0.707323262027	0.703162937941	0.768201592513	0.763132065163	0.735097667182	0.737169314436	0.741269787181	0.751082395467	0.770891478544	0.640039573066	0.638219649363	0.702651362095	0.66744817784	0.652395076366	0.605524539907	0.606206525775	0.629890486461
DF1	0.579855769478	0.646828836938	0.59605616831	0.587613289952	0.643776935076	0.612076850189	0.611455297273	0.58930670668	0.60434956935	0.63287809956	0.624429362357	0.605791137067	0.605744325907	0.616176243284	0.61474131892	0.617915044442	0.545285735207	0.590400630598	0.518046315145	0.525714863866	0.563468756222	0.0	0.56671705551	0.593692169192	0.624006343306	0.594490485327	0.644883657039	0.611777887482	0.638812725476	0.651981228817	0.614842236665	0.668291898323	0.667728733357	0.614981701694	0.631231258082	0.701573394217	0.673659549444	0.618573513316	0.61801968519	0.65276749805	0.755555249893	0.736465651374	0.701602529467	0.718967560903	0.772354041988	0.673752181806	0.68907566541	0.75750298435	0.712675321274	0.701680649716	0.716814375508	0.709166983259	0.662960628398	0.686780557332	0.68721378491	0.666273497086	0.646606398848	0.644997350017	0.624520617591	0.603418376048	0.612333899399	0.614570702226	0.594156910203
DG1	0.560619522745	0.572667673945	0.594037419048	0.591301697085	0.61765300092	0.596564213977	0.586553666379	0.581646249922	0.595447393122	0.578512280867	0.601566528121	0.595771086529	0.601478114221	0.637562135007	0.600247848426	0.60541129853	0.632471915673	0.522238371338	0.527594733622	0.549062425698	0.578438248813	0.56671705551	0.0	0.574920267603	0.557773138042	0.617261132553	0.660200029671	0.593626314897	0.595341835011	0.663656676574	0.627482666551	0.632252886555	0.662785956867	0.609066546195	0.605791596309	0.672687086565	0.6558083178	0.634956492367	0.64199830799	0.646593500832	0.709583631235	0.721156749974	0.693775455061	0.664719984389	0.728477005546	0.639046067518	0.686132654397	0.677840195345	0.68962393255	0.640885737092	0.694492336053	0.641719206992	0.643726520299	0.711782752318	0.711582068617	0.630493742937	0.631464601774	0.644930527602	0.614883208165	0.613201148729	0.623276035277	0.600963380856	0.615416946706
DH1	0.623134927432	0.616194944591	0.61417982418	0.598468248412	0.645855316287	0.618772783782	0.63643104532	0.592173358748	0.605772096828	0.604624721085	0.558839855157	0.584688826786	0.606066390853	0.599430607567	0.574523282398	0.635982854656	0.519461940867	0.566011582803	0.553178761786	0.561935734107	0.6085475004	0.593692169192	0.574920267603	0.0	0.586454486762	0.572538658843	0.630660054133	0.600922725243	0.567344369161	0.656056853827	0.570331105117	0.636022414725	0.666464445731	0.62909507889	0.634041861996	0.713770782618	0.67193564702	0.594041819786	0.63181465658	0.647610192835	0.738786925214	0.714787805019	0.671462493354	0.704162690179	0.74268099437	0.667316278552	0.67292520343	0.745672905862	0.622997508995	0.642423886204	0.698520256407	0.654508055736	0.633362217681	0.635987066643	0.633954606935	0.629305456476	0.649007986446	0.625774116196	0.590437565739	0.612117245755	0.644168962351	0.607565481694	0.588176459398
DA4	0.615798282314	0.63320499972	0.617095706664	0.650704929543	0.635658742667	0.584849701639	0.6175161303	0.617133037818	0.611681434734	0.615698270366	0.609106268956	0.569408837376	0.621813997166	0.623705003555	0.615648073575	0.635585863019	0.594681347955	0.554756552521	0.546812574777	0.626394688808	0.672858692324	0.624006343306	0.557773138042	0.586454486762	0.0	0.495125816742	0.590865402242	0.529033213395	0.527032841856	0.6225085663	0.550615539801	0.616260469088	0.671567795304	0.64737398781	0.601414918421	0.700748362266	0.643243646696	0.625544589455	0.661466010822	0.628507584456	0.691961611197	0.709860035265	0.641501373322	0.637714676375	0.714782224081	0.615505189578	0.628184078875	0.64293345296	0.640226082004	0.62948339796	0.661697953854	0.620336726842	0.606480233185	0.677047015802	0.660825621545	0.642553823677	0.653361929331	0.618166786918	0.615773094566	0.618748025372	0.674094836603	0.645462494647	0.630732014907
DB4	0.645279086458	0.638493541443	0.627395634443	0.636167871997	0.651548523177	0.602490451454	0.626646143755	0.621242257056	0.592544721525	0.614155170956	0.598925872704	0.57088940061	0.603303368543	0.575269680261	0.586648146911	0.628336383811	0.561225512249	0.570174107885	0.582810382095	0.619367375521	0.674974571653	0.594490485327	0.617261132553	0.572538658843	0.495125816742	0.0	0.591404679189	0.552714080405	0.567777259311	0.628952193099	0.563832591871	0.617671137378	0.708041356908	0.653019362979	0.659549003868	0.725957441284	0.678999103178	0.600153377927	0.67529534771	0.667426512826	0.732554766929	0.731082218772	0.68144162346	0.71155197562	0.733375657575	0.648186466979	0.665890817449	0.741793576283	0.665019336077	0.65560858357	0.712451986253	0.670255638833	0.645484854626	0.651334838028	0.638602137014	0.669566843333	0.684037616812	0.600902773119	0.615349621925	0.621876551164	0.642963077467	0.669232771673	0.639674891436
DC4	0.651416661597	0.655451068911	0.653355427494	0.644153256433	0.667950377544	0.608813225227	0.654406715664	0.636706187236	0.623213805971	0.66343897292	0.650153224433	0.645032092955	0.684153000609	0.656269028539	0.657960822311	0.616516629127	0.605852385739	0.621926126235	0.634789923291	0.636900957123	0.647315463247	0.644883657039	0.660200029671	0.630660054133	0.590865402242	0.591404679189	0.0	0.594371716769	0.584653761317	0.534936897068	0.575343451575	0.559011110192	0.697053481831	0.67379875191	0.706988581639	0.756167300744	0.711665935851	0.685982487205	0.695072098545	0.687631765081	0.763621572261	0.728405545293	0.727905303457	0.718028147454	0.780191414728	0.703209417472	0.709151052884	0.788625328981	0.705840727718	0.68997299976	0.697782640911	0.679455219055	0.683403094821	0.716279326506	0.706617669936	0.651632366145	0.699472573293	0.659439900672	0.653005706324	0.668408301384	0.664029492656	0.647726493743	0.651514360685
DD4	0.60521229601	0.645870160166	0.624061534166	0.64032737508	0.657636733665	0.622185514654	0.639037104045	0.60996848332	0.606774654329	0.5964280194	0.619872368299	0.57678793172	0.606995424687	0.614004279686	0.61897691236	0.620046015701	0.538231372172	0.568452307736	0.57928437934	0.616352504981	0.675630077034	0.611777887482	0.593626314897	0.600922725243	0.529033213395	0.552714080405	0.594371716769	0.0	0.462979941777	0.614251461589	0.534475106517	0.639110522313	0.680763484476	0.633588910922	0.647482096562	0.709062688483	0.651542396478	0.637164897083	0.637730471179	0.639731892351	0.730866911146	0.717837982094	0.667212568331	0.665800084608	0.741736746649	0.629431225812	0.675236543951	0.682299789663	0.652724422344	0.653981369565	0.640657831275	0.631670479643	0.63105643785	0.657221726676	0.663166487142	0.608760325412	0.668678853315	0.621220588939	0.600561952501	0.615374152174	0.617981949842	0.622332180552	0.631657802902
DE4	0.60248463277	0.621338684252	0.63460522529	0.648480729907	0.663859806241	0.613106031319	0.663983267704	0.600191145387	0.621946643598	0.584086877892	0.599097774123	0.531892129689	0.615970268741	0.601301795647	0.590241389204	0.648208481707	0.559486106403	0.568070959486	0.593672325133	0.631478606349	0.679200785217	0.638812725476	0.595341835011	0.567344369161	0.527032841856	0.567777259311	0.584653761317	0.462979941777	0.0	0.607761847171	0.535297530834	0.633086477712	0.682742337371	0.652417700463	0.632961997677	0.718551885458	0.658582982872	0.655083015638	0.663625482405	0.661390031961	0.718337258342	0.706516350002	0.642535028103	0.65970105996	0.731646328429	0.63047741685	0.664115272173	0.683998951468	0.627314041624	0.630399605294	0.668351090432	0.608981910685	0.613365293932	0.640225002262	0.652229098352	0.623983193996	0.665175046801	0.618890437812	0.598245619459	0.584696987593	0.641503198139	0.609667776968	0.618998098054
DF4	0.611521884873	0.640985955632	0.654745242388	0.645287442828	0.636913763879	0.590038210876	0.670294508436	0.613401408674	0.630181631862	0.698184651189	0.675956096981	0.667387491345	0.697833599393	0.687779708348	0.698439291906	0.609472043771	0.609155480929	0.628003907792	0.664707509382	0.617227003725	0.606726222553	0.651981228817	0.663656676574	0.656056853827	0.6225085663	0.628952193099	0.534936897068	0.614251461589	0.607761847171	0.0	0.632497685172	0.461868533965	0.70114623898	0.674374308384	0.7016776227	0.725446819259	0.689333426127	0.687898224645	0.65367697343	0.705047037277	0.715725609643	0.682828863541	0.705726593986	0.707017276322	0.72423156994	0.695557910171	0.71966518417	0.746805080947	0.73211126078	0.72281076584	0.716707213393	0.715778311065	0.701878857862	0.709773535289	0.733436679793	0.643912087357	0.680398728866	0.716403341785	0.670403936628	0.681700381444	0.646487911805	0.650780114715	0.655770506512
DG4	0.626381765603	0.640233185064	0.614011583924	0.615015412656	0.654440178962	0.58791602296	0.623120737185	0.597039229998	0.603033163026	0.619189448531	0.599103254046	0.576516409427	0.628663335236	0.60429937522	0.622005549757	0.590631682174	0.559005458422	0.599707053406	0.602780242149	0.622075322747	0.679263825857	0.614842236665	0.627482666551	0.570331105117	0.550615539801	0.563832591871	0.575343451575	0.534475106517	0.535297530834	0.632497685172	0.0	0.658543002445	0.688304529315	0.646378530215	0.639056713281	0.716535943028	0.660634484297	0.630517767026	0.64961491247	0.658564663519	0.728387235362	0.714652054967	0.659639895379	0.664533474746	0.742464011651	0.656071667491	0.627341687333	0.700149855745	0.633998780184	0.662727046489	0.694458278197	0.624464102748	0.620522426362	0.651870145873	0.6367434955	0.649114562938	0.664099235821	0.644056559833	0.626191207285	0.624972681517	0.653343330449	0.633287275282	0.630251092452
DH4	0.626535876049	0.625530990282	0.620701412996	0.611843701472	0.650822525084	0.615004244204	0.63546381563	0.623925300144	0.627785895914	0.721866223863	0.684376020895	0.698151052974	0.714645325208	0.704437175752	0.716952300588	0.630700646419	0.650146026003	0.629563388601	0.663217488344	0.616310961365	0.630266667777	0.668291898323	0.632252886555	0.636022414725	0.616260469088	0.617671137378	0.559011110192	0.639110522313	0.633086477712	0.461868533965	0.658543002445	0.0	0.669896801745	0.667447944846	0.674881090766	0.690258852628	0.651498511834	0.649773158703	0.668551058463	0.66464692961	0.719371393061	0.706663286338	0.721037991376	0.726872816865	0.746835141888	0.693151081793	0.718533271252	0.759343137513	0.731289942223	0.699277908227	0.702720179848	0.718581019149	0.714506200999	0.727443663108	0.749594112379	0.652567001025	0.702350364229	0.708024603177	0.680938932807	0.714705789603	0.669340667365	0.643263920434	0.685749124098
DA6	0.652741481697	0.675340792144	0.650449819398	0.663249148014	0.69704563144	0.663674595618	0.685402901178	0.693101410557	0.676064017069	0.720405207862	0.736733622008	0.714650894229	0.717764067195	0.728153747275	0.731175793155	0.68288972635	0.692271639902	0.658552123391	0.669593957523	0.663339280671	0.643237455958	0.667728733357	0.662785956867	0.666464445731	0.671567795304	0.708041356908	0.697053481831	0.680763484476	0.682742337371	0.70114623898	0.688304529315	0.669896801745	0.0	0.567456848525	0.588418142936	0.601929180494	0.575449156594	0.580579006609	0.596052149117	0.495665214159	0.642120479468	0.610201062253	0.676107831024	0.641051780057	0.674234845642	0.665568114623	0.660198619935	0.668121526028	0.715610087898	0.669921803419	0.661133216169	0.659218257387	0.642998962026	0.726448562954	0.737296978857	0.662709297004	0.702267022674	0.724046189078	0.687852475889	0.668935554511	0.695331069516	0.632059841409	0.692213948884
DB6	0.631405172158	0.652865357922	0.605536974046	0.636887730719	0.664482160605	0.608941441675	0.62853246962	0.628305644296	0.633835420694	0.682268209573	0.673368324271	0.666322256702	0.669678322025	0.666846574698	0.679693805085	0.66743490863	0.615932326418	0.652862996812	0.663863478075	0.62095272137	0.63511614532	0.614981701694	0.609066546195	0.62909507889	0.64737398781	0.653019362979	0.67379875191	0.633588910922	0.652417700463	0.674374308384	0.646378530215	0.667447944846	0.567456848525	0.0	0.558575999951	0.602651582729	0.60831405924	0.548911888446	0.510254752563	0.550812982392	0.63400075893	0.641252930831	0.63135095452	0.652563391903	0.658646752439	0.603852469801	0.601741479084	0.676920012948	0.648739392435	0.66330259402	0.682496347632	0.638550036323	0.65539438009	0.679546824595	0.700349429543	0.642367328539	0.647329109888	0.668251188817	0.650895536613	0.629028327801	0.621490662119	0.609870846614	0.616974581352
DC6	0.632739843164	0.645236836671	0.639534098186	0.67491989431	0.692212561091	0.624702940619	0.670828852148	0.610561516529	0.653401970949	0.650733754757	0.665053081658	0.61274288205	0.635444349844	0.664144951034	0.652930363161	0.704534550026	0.654019983265	0.643413559795	0.615633765499	0.659926719756	0.68962931718	0.631231258082	0.605791596309	0.634041861996	0.601414918421	0.659549003868	0.706988581639	0.647482096562	0.632961997677	0.7016776227	0.639056713281	0.674881090766	0.588418142936	0.558575999951	0.0	0.60825370137	0.598314506045	0.572920124447	0.580867029756	0.565666939924	0.681908092963	0.697925171604	0.616203612088	0.639499080764	0.689753433557	0.632663061877	0.640173724435	0.681301366473	0.649055391486	0.628555175151	0.634506269466	0.610481773111	0.626221130225	0.68096470681	0.685063685237	0.638610348458	0.674154144747	0.656934728815	0.63226800482	0.619004985891	0.688299107791	0.622890172283	0.650602839068
DD6	0.680218475758	0.719544299378	0.657454475583	0.687082847696	0.675579497572	0.675562451286	0.700667470322	0.666052058371	0.696399446282	0.760077445557	0.754455700575	0.757220489684	0.770461354525	0.757719549275	0.741775679706	0.710164343075	0.719383447345	0.69677154542	0.738897421267	0.692345033587	0.694223403559	0.701573394217	0.672687086565	0.713770782618	0.700748362266	0.725957441284	0.756167300744	0.709062688483	0.718551885458	0.725446819259	0.716535943028	0.690258852628	0.601929180494	0.602651582729	0.60825370137	0.0	0.539401720842	0.615401305644	0.586628990686	0.604488219134	0.646850615024	0.62073884175	0.65829173994	0.624189467017	0.629607068613	0.626046336157	0.636761116793	0.64427596468	0.71848061728	0.718159340216	0.681362385678	0.682082272212	0.690093806627	0.76427075505	0.759602553697	0.710983199415	0.718894759552	0.751075947169	0.760216975449	0.71659990809	0.708604071696	0.677924472568	0.704213650416
DE6	0.634854480566	0.659730614776	0.666185859275	0.649103374493	0.653065746473	0.654043774687	0.688736700801	0.651568671629	0.681411222108	0.701385601261	0.720689571935	0.698913421985	0.726554531076	0.721632704082	0.717072450458	0.677032890089	0.667258418719	0.660931080495	0.670969852277	0.662732573063	0.681421924023	0.673659549444	0.6558083178	0.67193564702	0.643243646696	0.678999103178	0.711665935851	0.651542396478	0.658582982872	0.689333426127	0.660634484297	0.651498511834	0.575449156594	0.60831405924	0.598314506045	0.539401720842	0.0	0.559670964838	0.599202517405	0.548140139672	0.666394348145	0.640475358945	0.68024389064	0.621260283752	0.69098590828	0.630800635364	0.64679573104	0.665083591309	0.677856072826	0.659401069788	0.641866400905	0.674773371903	0.647365198737	0.703102866503	0.719066856269	0.647781790467	0.655162602184	0.696375858953	0.696068474294	0.65748820185	0.685413781861	0.634829247583	0.680108596659
DF6	0.691079429978	0.686283816525	0.640629184499	0.66167907361	0.706034813153	0.655422363477	0.691666006139	0.63243766328	0.649628246805	0.689604000452	0.664527776128	0.647914531669	0.629963681573	0.642237317941	0.656569642912	0.712151201072	0.61774402056	0.632132349615	0.651179522745	0.646931734828	0.673187175593	0.618573513316	0.634956492367	0.594041819786	0.625544589455	0.600153377927	0.685982487205	0.637164897083	0.655083015638	0.687898224645	0.630517767026	0.649773158703	0.580579006609	0.548911888446	0.572920124447	0.615401305644	0.559670964838	0.0	0.555594710414	0.559102402773	0.696944776024	0.682953868744	0.648873364262	0.677994708008	0.711697979167	0.619980563869	0.629805481791	0.718533332703	0.632497813171	0.6625271801	0.702511748513	0.661635649705	0.664046994701	0.641512125461	0.670161032421	0.643425534877	0.691246362899	0.645113818099	0.636886739771	0.63025924256	0.653812502508	0.658456191632	0.620972676574
DG6	0.653236656958	0.666012262062	0.64533941574	0.650441741218	0.657155559425	0.639632216608	0.688709602798	0.644663323578	0.657962303936	0.665527396685	0.696626954391	0.684450788566	0.692541567188	0.703236619771	0.694077901592	0.669745495684	0.619392783583	0.627569964868	0.683706667835	0.653724975343	0.650920716818	0.61801968519	0.64199830799	0.63181465658	0.661466010822	0.67529534771	0.695072098545	0.637730471179	0.663625482405	0.65367697343	0.64961491247	0.668551058463	0.596052149117	0.510254752563	0.580867029756	0.586628990686	0.599202517405	0.555594710414	0.0	0.560181801771	0.653606331224	0.635184107242	0.651631654471	0.660612266139	0.677993943427	0.6119934388	0.637054608626	0.666704863957	0.654628518302	0.652882224097	0.657455069709	0.629290130771	0.609801449236	0.673149981153	0.6966561164	0.687023059258	0.683631529863	0.71679299854	0.680520411481	0.675427770836	0.66381933461	0.63739917372	0.638894135291
DH6	0.650696855596	0.691059515321	0.646424234089	0.676781191152	0.704274891922	0.660966041681	0.687877600925	0.670945530745	0.66135255746	0.705201089037	0.702343102803	0.67048680833	0.674432841332	0.697764215555	0.694022028688	0.684361765236	0.64775355639	0.649846581268	0.643820532969	0.663857298142	0.684214995836	0.65276749805	0.646593500832	0.647610192835	0.628507584456	0.667426512826	0.687631765081	0.639731892351	0.661390031961	0.705047037277	0.658564663519	0.66464692961	0.495665214159	0.550812982392	0.565666939924	0.604488219134	0.548140139672	0.559102402773	0.560181801771	0.0	0.682950098581	0.637796814327	0.642156243905	0.630420235739	0.676293230124	0.636022552463	0.639736629273	0.671343848546	0.669808098108	0.634736555294	0.638934007828	0.643578512934	0.626056925187	0.675710308075	0.691722489934	0.66287813673	0.682428620551	0.678554163913	0.655298001297	0.644601134157	0.691995252861	0.632166064726	0.681393254744
DA7	0.731215828377	0.736228873946	0.698009281394	0.718800094926	0.695520534152	0.680077508685	0.751882106982	0.72546167773	0.724353814703	0.791240845423	0.771346758052	0.767663044102	0.789065111532	0.771392121887	0.789749248083	0.712540036174	0.737083583563	0.720500570378	0.774213481881	0.731413424679	0.711191242116	0.755555249893	0.709583631235	0.738786925214	0.691961611197	0.732554766929	0.763621572261	0.730866911146	0.718337258342	0.715725609643	0.728387235362	0.719371393061	0.642120479468	0.63400075893	0.681908092963	0.646850615024	0.666394348145	0.696944776024	0.653606331224	0.682950098581	0.0	0.521884128672	0.545089843488	0.575637019987	0.511933263006	0.527040492778	0.572608982564	0.509602466889	0.694967300783	0.691201913826	0.697105834208	0.672627369088	0.668487239948	0.736117277996	0.764565052521	0.705192989062	0.72213650498	0.776325966916	0.761895981985	0.744786642056	0.687319988628	0.689532757694	0.713233650714
DB7	0.722078201841	0.719392824966	0.691063927179	0.715292602384	0.677582579016	0.690623443788	0.736264049543	0.711955740668	0.694629249775	0.782814670273	0.776259095618	0.765538514292	0.785410254419	0.76951955431	0.779111610577	0.695464392566	0.713033454848	0.705073968896	0.747969924622	0.717607681362	0.674097173075	0.736465651374	0.721156749974	0.714787805019	0.709860035265	0.731082218772	0.728405545293	0.717837982094	0.706516350002	0.682828863541	0.714652054967	0.706663286338	0.610201062253	0.641252930831	0.697925171604	0.62073884175	0.640475358945	0.682953868744	0.635184107242	0.637796814327	0.521884128672	0.0	0.591294076511	0.484008635403	0.498229871896	0.560446482289	0.553568352404	0.548610552385	0.702678937317	0.71507746811	0.68157105847	0.684222542934	0.694658757242	0.73554016791	0.745329109675	0.700061404055	0.711039637567	0.760396578746	0.744817170824	0.718471095816	0.68412922715	0.679504762033	0.701728477672
